-1.3425   2.918   3.66016   3.72862   3.73806   5.82055   4.36295   4.7015   3.76829   3.94422   10.1077   10.1077
-1.29616   2.67198   3.30961   3.48261   3.58852   5.49101   4.24079   4.59982   3.73588   3.92398   9.99576   9.99576
-1.24998   2.36446   2.96028   3.23744   3.4395   5.16261   4.11905   4.49849   3.70358   3.9038   9.88424   9.88424
-1.20391   2.01595   2.61176   2.99285   3.29083   4.83497   3.9976   4.39739   3.67135   3.88368   9.77297   9.77297
-1.2014   2.00484   2.59274   2.9795   3.28271   4.81709   3.99097   4.39187   3.66959   3.88258   9.76689   9.76689
-1.17935   1.90753   2.42597   2.86246   3.21157   4.66031   3.93285   4.34349   3.65417   3.87295   9.71365   9.71365
-1.15506   1.80031   2.2422   2.73349   3.13318   4.48755   3.86881   4.29019   3.63718   3.86233   9.65498   9.65498
-1.13328   1.70418   2.07745   2.63736   3.0629   4.33267   3.81139   4.2424   3.62195   3.85282   9.60238   9.60238
-1.11102   1.60592   1.99903   2.5391   2.99107   4.17437   3.75271   4.19355   3.60638   3.84309   9.54862   9.54862
-1.10744   1.58796   1.9864   2.52328   2.9795   4.14887   3.74326   4.18568   3.60387   3.84153   9.53996   9.53996
-1.08539   1.47751   1.90873   2.42597   2.90836   3.99209   3.68514   4.13731   3.58845   3.8319   9.48671   9.48671
-1.04146   1.2574   1.75395   2.21242   2.76659   3.67968   3.56933   4.04091   3.55772   3.81271   9.38061   9.38061
-1.039   1.24946   1.74528   2.20046   2.75865   3.66217   3.56284   4.03551   3.556   3.81163   9.37467   9.37467
-1.03755   1.2448   1.74019   2.19622   2.75399   3.6519   3.55903   4.03234   3.55499   3.811   9.37118   9.37118
-1.0169   1.17815   1.66743   2.13567   2.66282   3.50501   3.50458   3.98701   3.54054   3.80198   9.32129   9.32129
-0.969065   1.02377   1.48471   1.99544   2.45167   3.16482   3.37847   3.88204   3.50708   3.78108   9.20576   9.20576
-0.967888   1.01998   1.48021   1.99182   2.44647   3.15645   3.37537   3.87946   3.50626   3.78056   9.20292   9.20292
-0.947127   0.952979   1.40091   1.92789   2.38714   3.0088   3.32064   3.8339   3.49174   3.77149   9.15277   9.15277
-0.943007   0.939683   1.38914   1.9152   2.37537   2.9795   3.30977   3.82486   3.48886   3.76969   9.14282   9.14282
-0.919945   0.86526   1.32324   1.84419   2.30947   2.81549   3.24898   3.77425   3.47272   3.75962   9.08712   9.08712
-0.901698   0.806378   1.27109   1.78801   2.25732   2.74309   3.20087   3.73421   3.45996   3.75165   9.04305   9.04305
-0.875854   0.732525   1.19724   1.70843   2.18347   2.64053   3.13274   3.6775   3.44188   3.74036   8.98063   8.98063
-0.874624   0.729008   1.19372   1.70491   2.17995   2.63565   3.1295   3.6748   3.44102   3.73982   8.97766   8.97766
-0.873446   0.725644   1.19036   1.70155   2.17616   2.63098   3.12639   3.67222   3.4402   3.7393   8.97482   8.97482
-0.853863   0.66968   1.1344   1.64558   2.11296   2.59664   3.07476   3.62924   3.4265   3.73075   8.92752   8.92752
-0.825503   0.58864   1.04288   1.56454   2.02144   2.54691   3   3.56701   3.40666   3.71836   8.85903   8.85903
-0.808434   0.539863   0.987796   1.51577   1.96636   2.51698   2.955   3.52955   3.39472   3.7109   8.8178   8.8178
-0.804742   0.529313   0.975881   1.50522   1.95444   2.51051   2.94527   3.52145   3.39214   3.70929   8.80888   8.80888
-0.803298   0.525184   0.971219   1.50109   1.95063   2.50797   2.94146   3.51828   3.39113   3.70866   8.80539   8.80539
-0.783981   0.469985   0.908884   1.44589   1.89971   2.44849   2.89054   3.47589   3.37762   3.70022   8.75874   8.75874
-0.78259   0.46601   0.905462   1.44191   1.89604   2.44421   2.88687   3.47284   3.37665   3.69961   8.75538   8.75538
-0.778845   0.455306   0.89625   1.43121   1.88617   2.43268   2.87699   3.46462   3.37403   3.69797   8.74633   8.74633
-0.756692   0.392003   0.841769   1.36791   1.82777   2.36446   2.81859   3.41601   3.35853   3.6883   8.69283   8.69283
-0.71517   0.273349   0.739648   1.24925   1.7183   2.255   2.70913   3.32489   3.32949   3.67016   8.59255   8.59255
-0.711425   0.264799   0.730436   1.23855   1.70843   2.24513   2.69925   3.31668   3.32687   3.66852   8.5835   8.5835
-0.710033   0.261623   0.727015   1.23457   1.70599   2.24146   2.69559   3.31362   3.32589   3.66791   8.58014   8.58014
-0.708856   0.258936   0.72412   1.23121   1.70392   2.23905   2.69248   3.31104   3.32507   3.6674   8.5773   8.5773
-0.689326   0.214354   0.676086   1.1754   1.66968   2.19906   2.66253   3.26818   3.31141   3.65886   8.53013   8.53013
-0.667281   0.164031   0.621868   1.13674   1.63102   2.15393   2.62873   3.21981   3.29599   3.64923   8.47688   8.47688
-0.639938   0.101616   0.573922   1.0888   1.58308   2.09795   2.5868   3.15981   3.27686   3.63729   8.41084   8.41084
-0.615271   0.0453086   0.530668   1.04554   1.53982   2.0547   2.54897   3.10568   3.25961   3.62651   8.35127   8.35127
-0.598416   0.00683371   0.501113   1.01599   1.51027   2.02514   2.50951   3.06869   3.24782   3.61915   8.31056   8.31056
-0.59451   0.000843958   0.494264   1.00914   1.50342   2.01829   2.50036   3.06012   3.24509   3.61744   8.30112   8.30112
-0.572411   -0.0330433   0.455513   0.970387   1.46856   1.97954   2.44861   3.01162   3.22963   3.60779   8.24775   8.24775
-0.569789   -0.0370638   0.450916   0.966449   1.46442   1.97494   2.44248   3.00587   3.2278   3.60664   8.24142   8.24142
-0.567114   -0.0411664   0.446224   0.962431   1.4602   1.97025   2.43621   3   3.22592   3.60547   8.23496   8.23496
-0.545229   -0.0747254   0.407849   0.929559   1.42568   1.93188   2.38497   2.95198   3.21062   3.59591   8.1821   8.1821
-0.526983   -0.102705   0.375854   0.902153   1.3969   1.89988   2.35297   2.91194   3.19785   3.58794   8.13803   8.13803
-0.477542   -0.17852   0.305474   0.827891   1.31891   1.81319   2.26628   2.80344   3.16327   3.56634   8.01862   8.01862
-0.476258   -0.18049   0.303646   0.825962   1.31665   1.81093   2.26402   2.80062   3.16237   3.56578   8.01552   8.01552
-0.473689   -0.184428   0.29999   0.822104   1.31215   1.80733   2.25952   2.79499   3.16058   3.56466   8.00932   8.00932
-0.451698   -0.218151   0.268685   0.789072   1.27359   1.77651   2.22096   2.7661   3.14519   3.55505   7.9562   7.9562
-0.411246   -0.280182   0.211101   0.728312   1.20266   1.71982   2.17966   2.71296   3.1169   3.53738   7.8585   7.8585
-0.408624   -0.283462   0.207369   0.724374   1.19806   1.71614   2.17698   2.70952   3.11506   3.53623   7.85217   7.85217
-0.38401   -0.31425   0.172331   0.694743   1.1549   1.68165   2.15185   2.67718   3.09785   3.52548   7.79272   7.79272
-0.359236   -0.34524   0.137065   0.66492   1.12598   1.64692   2.12656   2.64464   3.08052   3.51466   7.73288   7.73288
-0.339759   -0.369603   0.109339   0.641473   1.10325   1.62647   2.10667   2.61905   3.06689   3.50615   7.68584   7.68584
-0.333231   -0.377768   0.102811   0.633615   1.09563   1.61961   2.10001   2.61048   3.06233   3.50329   7.67008   7.67008
-0.311133   -0.405411   0.0807114   0.607012   1.06983   1.59641   2.07745   2.59357   3.04687   3.49364   7.6167   7.6167
-0.247351   -0.485194   0.0169271   0.530231   0.995385   1.52942   2.01047   2.54476   3.00226   3.46578   7.46266   7.46266
-0.243499   -0.488142   0.0130744   0.525593   0.990888   1.52538   2.00642   2.54182   2.99956   3.46409   7.45335   7.45335
-0.242108   -0.489206   0.0116831   0.523918   0.989976   1.52392   2.00496   2.54075   2.99859   3.46348   7.44999   7.44999
-0.221293   -0.505133   -0.00913243   0.498861   0.976328   1.50799   1.9831   2.52482   2.98403   3.45439   7.39972   7.39972
-0.214819   -0.510087   -0.0156072   0.494332   0.972083   1.50304   1.9763   2.51987   2.9795   3.45156   7.38408   7.38408
-0.194004   -0.526015   -0.0364227   0.479773   0.958435   1.48711   1.95444   2.50394   2.96494   3.44247   7.33381   7.33381
-0.175758   -0.539976   -0.0546697   0.46701   0.946471   1.47315   1.94487   2.48998   2.95218   3.4345   7.28974   7.28974
-0.145687   -0.562987   -0.0757042   0.445975   0.926754   1.45014   1.92911   2.46697   2.93114   3.42136   7.21711   7.21711
-0.097583   -0.599795   -0.109352   0.412328   0.895213   1.41333   1.90388   2.41434   2.89749   3.40034   7.10093   7.10093
-0.0767149   -0.615763   -0.123949   0.397731   0.881529   1.39736   1.89294   2.39151   2.88185   3.39123   7.05053   7.05053
-0.0598065   -0.628702   -0.135776   0.385904   0.870443   1.38442   1.87815   2.37301   2.86918   3.38384   7.00969   7.00969
-0.0559004   -0.630652   -0.138508   0.383171   0.867882   1.38143   1.87473   2.36874   2.86625   3.38213   7.00026   7.00026
-0.0545627   -0.63132   -0.139444   0.382236   0.867046   1.38041   1.87356   2.36727   2.86525   3.38155   6.99703   6.99703
-0.0519943   -0.632603   -0.14124   0.380439   0.865443   1.37913   1.87131   2.36446   2.86332   3.38043   6.99083   6.99083
-0.00640565   -0.655368   -0.173129   0.348551   0.836976   1.35636   1.83144   2.34455   2.82915   3.36051   6.88072   6.88072
0.0131782   -0.665148   -0.186828   0.334852   0.824748   1.34658   1.82166   2.33599   2.81447   3.35196   6.83342   6.83342
0.0587134   -0.687887   -0.218679   0.318941   0.796315   1.32384   1.79892   2.3161   2.78034   3.33206   6.72344   6.72344
0.0665255   -0.691788   -0.221781   0.316211   0.791437   1.31994   1.79502   2.31269   2.77449   3.32865   6.70457   6.70457
0.104409   -0.710706   -0.236826   0.302974   0.767781   1.30102   1.7761   2.29614   2.76208   3.3121   6.61308   6.61308
0.108262   -0.712389   -0.238355   0.301628   0.765376   1.2991   1.77417   2.29445   2.76082   3.31042   6.60377   6.60377
0.109653   -0.712997   -0.238908   0.301141   0.76489   1.29841   1.77348   2.29384   2.76036   3.30981   6.60041   6.60041
0.135711   -0.724381   -0.249256   0.292036   0.755784   1.28702   1.76047   2.28246   2.75182   3.29842   6.53747   6.53747
0.15781   -0.734036   -0.258032   0.284314   0.748063   1.27737   1.74943   2.27281   2.74459   3.28877   6.4841   6.4841
0.247864   -0.773378   -0.293794   0.252847   0.716596   1.23802   1.71571   2.23346   2.71509   3.24943   6.2666   6.2666
0.254284   -0.776184   -0.296344   0.250978   0.714352   1.23522   1.71331   2.23066   2.71298   3.24662   6.25109   6.25109
0.316835   -0.803511   -0.321185   0.232767   0.692495   1.20789   1.68989   2.20333   2.6966   3.21929   6.10002   6.10002
0.322079   -0.805802   -0.321889   0.23124   0.690663   1.2056   1.68793   2.20104   2.69522   3.217   6.08735   6.08735
0.323417   -0.806386   -0.322069   0.230851   0.690196   1.20502   1.68776   2.20046   2.69487   3.21642   6.08412   6.08412
0.339041   -0.813212   -0.324167   0.226302   0.684736   1.19819   1.68581   2.19704   2.69078   3.20959   6.04639   6.04639
0.342947   -0.813699   -0.324692   0.225165   0.683371   1.19648   1.68532   2.19619   2.68975   3.20789   6.03695   6.03695
0.344285   -0.813866   -0.324871   0.224775   0.683112   1.1959   1.68516   2.1959   2.6894   3.2073   6.03372   6.03372
0.486455   -0.831597   -0.343968   0.183383   0.655524   1.17333   1.66743   2.16486   2.65215   3.14519   5.69035   5.69035
0.489023   -0.831918   -0.344313   0.182636   0.655026   1.17292   1.66668   2.1643   2.65148   3.14407   5.68415   5.68415
0.511229   -0.834687   -0.347295   0.176171   0.650717   1.1694   1.66021   2.15945   2.6476   3.13437   5.63051   5.63051
0.529529   -0.83697   -0.349753   0.170843   0.647166   1.16649   1.65489   2.15746   2.64441   3.12637   5.58632   5.58632
0.554249   -0.840053   -0.353074   0.169301   0.642369   1.16257   1.64769   2.15476   2.64009   3.11557   5.52661   5.52661
0.602567   -0.846079   -0.359564   0.166289   0.637096   1.1549   1.63362   2.14949   2.63165   3.09446   5.40991   5.40991
0.622097   -0.848515   -0.362187   0.165071   0.634965   1.15246   1.62793   2.14735   2.62824   3.08593   5.36274   5.36274
0.627287   -0.849162   -0.362664   0.164748   0.634399   1.15181   1.62642   2.14679   2.62734   3.08366   5.35021   5.35021
0.667793   -0.854214   -0.366386   0.162222   0.629978   1.14676   1.62642   2.14237   2.62026   3.06597   5.25238   5.25238
0.699095   -0.857429   -0.369262   0.16027   0.626563   1.14286   1.62642   2.13895   2.6148   3.05229   5.17677   5.17677
0.723816   -0.859968   -0.371534   0.158729   0.623865   1.13978   1.62642   2.13895   2.61048   3.04149   5.11707   5.11707
0.742115   -0.861847   -0.373215   0.157588   0.621868   1.13749   1.62642   2.13895   2.61048   3.0335   5.07287   5.07287
0.815207   -0.869354   -0.379932   0.153031   0.615487   1.12838   1.62642   2.13895   2.61048   3.00157   4.89634   4.89634
0.840035   -0.871904   -0.382213   0.151483   0.61332   1.12528   1.62333   2.13895   2.61048   2.99072   4.83637   4.83637
0.858334   -0.873784   -0.383895   0.150342   0.611722   1.123   1.62104   2.13718   2.61048   2.98272   4.79218   4.79218
0.865718   -0.874542   -0.384574   0.149421   0.611078   1.12208   1.62012   2.13646   2.61048   2.9795   4.77434   4.77434
0.931319   -0.88128   -0.390602   0.141239   0.605351   1.1139   1.61194   2.1301   2.61048   2.95084   4.6159   4.6159
0.958715   -0.884093   -0.393119   0.137822   0.60296   1.1139   1.60853   2.12744   2.61048   2.93887   4.54973   4.54973
0.976961   -0.885967   -0.394796   0.135546   0.601367   1.1139   1.60625   2.12567   2.61048   2.9309   4.50566   4.50566
0.979583   -0.886237   -0.395037   0.135219   0.601112   1.1139   1.60592   2.12542   2.61048   2.92975   4.49933   4.49933
1.0065   -0.889001   -0.39751   0.131863   0.598502   1.1139   1.60592   2.12281   2.61048   2.918   4.43433   4.43433
1.05139   -0.893612   -0.401635   0.126264   0.594147   1.1139   1.60592   2.11845   2.61048   2.918   4.3259   4.3259
1.06701   -0.895216   -0.403071   0.124315   0.592632   1.1139   1.60592   2.1204   2.61048   2.918   4.28816   4.28816
1.0683   -0.895275   -0.403189   0.124155   0.592507   1.1139   1.60592   2.12056   2.61048   2.918   4.28506   4.28506
1.12314   -0.897795   -0.405583   0.117314   0.587187   1.1139   1.60592   2.12739   2.61048   2.918   4.1526   4.1526
1.14744   -0.898911   -0.406643   0.114285   0.584831   1.1139   1.60592   2.13042   2.62107   2.918   4.09393   4.09393
1.16622   -0.899774   -0.407463   0.111942   0.583009   1.1139   1.60592   2.13276   2.62925   2.9139   4.04857   4.04857
1.18709   -0.900733   -0.408373   0.109339   0.580985   1.11572   1.60592   2.13536   2.63835   2.90934   3.99816   3.99816
1.18832   -0.900789   -0.408427   0.109257   0.580866   1.11582   1.60592   2.13552   2.63889   2.90907   3.99519   3.99519
1.19099   -0.900912   -0.408544   0.109077   0.581125   1.11606   1.60592   2.13585   2.64005   2.90849   3.98873   3.98873
1.21587   -0.902055   -0.40963   0.107406   0.583537   1.11823   1.60902   2.13895   2.6509   2.90305   3.92864   3.92864
1.26424   -0.904277   -0.411741   0.104158   0.588227   1.12245   1.61505   2.17056   2.67198   2.89249   3.81181   3.81181
1.288   -0.905369   -0.412778   0.102563   0.59053   1.12452   1.61801   2.18608   2.77449   2.88731   3.75443   3.75443
1.30999   -0.906379   -0.413737   0.101086   0.592662   1.12644   1.62075   2.20046   2.79364   2.88251   3.70132   3.70132
1.33525   -0.907539   -0.41484   0.0993906   0.595111   1.12864   1.6239   2.27699   2.81563   2.87699   3.64032   3.64032
1.35548   -0.908468   -0.415722   0.0980325   0.597071   1.13041   1.62642   2.33829   2.83324   2.87699   3.59147   3.59147
1.35735   -0.908554   -0.415804   0.0979068   0.597253   1.13057   1.62927   2.34396   2.83487   2.87699   3.58694   3.58694
1.35863   -0.908613   -0.41586   0.0978205   0.597378   1.13068   1.63123   2.34786   2.83599   2.87699   3.58384   3.58384
1.39978   -0.910504   -0.417656   0.0950576   0.601367   1.13427   1.69382   2.47255   2.8599   2.87699   3.48446   3.48446
1.40117   -0.910568   -0.417717   0.0949642   0.601713   1.1344   1.69594   2.47677   2.8607   2.87699   3.4811   3.4811
1.4047   -0.91073   -0.417871   0.094727   0.602593   1.139   1.70131   2.48747   2.86276   2.87699   3.47257   3.47257
1.40513   -0.91075   -0.417889   0.0946983   0.6027   1.13956   1.70196   2.65148   2.863   2.87699   3.47154   3.47154
1.42889   -0.911841   -0.418926   0.0931031   0.60862   1.17056   1.7381   2.75399   2.87681   2.87699   3.41416   3.41416
1.42921   -0.911856   -0.41894   0.0930815   0.6087   1.17098   1.73859   2.87699   2.87699   2.87699   3.41338   3.41338
1.44981   -0.912802   -0.419839   0.0916982   0.613834   1.19785   1.76993   2.85897   2.87699   2.87699   3.36363   3.36363
1.45265   -0.912932   -0.419963   0.0915078   0.614541   1.20155   1.78458   2.85649   2.87699   2.87699   3.35678   3.35678
1.47362   -0.913896   -0.420879   0.0900994   0.619768   1.22892   1.89294   2.86259   2.87699   2.87699   3.30612   3.30612
1.4924   -0.914759   -0.421698   0.0888383   0.624448   1.25342   2.0532   2.86805   2.87699   2.87699   3.26076   3.26076
1.49765   -0.915   -0.421927   0.0911239   0.625755   1.26027   2.09795   2.86957   2.87699   2.87699   3.24809   3.24809
1.51327   -0.915718   -0.422609   0.0979343   0.629648   1.28065   2.21821   2.87412   2.87699   2.87699   3.21036   3.21036
1.52162   -0.916122   -0.422973   0.101573   0.631728   1.29154   2.28246   2.87654   2.87699   2.87699   3.1902   3.1902
1.5221   -0.916146   -0.422994   0.101783   0.631848   1.29217   2.46697   2.87668   2.87699   2.87699   3.18903   3.18903
1.52317   -0.916198   -0.423041   0.102249   0.632115   1.29357   2.47964   2.87699   2.87699   2.87699   3.18645   3.18645
1.53804   -0.916919   -0.42369   0.108733   0.635822   1.31297   2.65578   2.87699   2.87699   2.87699   3.15052   3.15052
1.54259   -0.917139   -0.423426   0.110715   0.636955   1.31891   2.70964   2.87699   2.87699   2.87699   3.13954   3.13954
1.54634   -0.917321   -0.423208   0.112348   0.637889   1.32865   2.75399   2.87699   2.87699   2.87699   3.13049   3.13049
1.54666   -0.917337   -0.423189   0.112488   0.637969   1.32948   2.75199   2.87699   2.87699   2.87699   3.12972   3.12972
1.56432   -0.918193   -0.422162   0.120185   0.642369   1.3754   2.64237   2.87699   2.87699   2.87082   3.08707   3.08707
1.56945   -0.918442   -0.421863   0.122424   0.648328   1.38876   2.61048   2.87699   2.87699   2.86903   3.07466   3.07466
1.57004   -0.918471   -0.421829   0.12268   0.649011   1.39029   2.83599   2.87699   2.87699   2.86882   3.07324   3.07324
1.57015   -0.918476   -0.421823   0.122727   0.649135   1.39057   2.83622   2.87699   2.87699   2.86879   3.07298   3.07298
1.61354   -0.92058   -0.419298   0.141642   0.69948   1.50342   2.93037   2.87699   2.84854   2.85362   2.96817   2.96817
1.61713   -0.920754   -0.419089   0.143205   0.70364   1.528   2.93815   2.87699   2.84619   2.85237   2.95951   2.95951
1.61729   -0.920762   -0.41908   0.143275   0.703826   1.5291   2.9385   2.87671   2.84608   2.85231   2.95913   2.95913
1.61734   -0.920764   -0.419077   0.143298   0.703888   1.52947   2.9384   2.87662   2.84605   2.85229   2.959   2.959
1.635   -0.921621   -0.41805   0.150995   0.724374   1.65055   2.90744   2.84566   2.83447   2.84612   2.91635   2.91635
1.63746   -0.92174   -0.417907   0.152068   0.727585   1.66743   2.90312   2.84134   2.83286   2.84526   2.91041   2.91041
1.66138   -0.9229   -0.416515   0.162493   0.75879   1.83144   2.86118   2.7994   2.81717   2.83691   2.85264   2.85264
1.66395   -0.923024   -0.416366   0.163613   0.762141   1.84688   2.85668   2.79489   2.81549   2.83601   2.84644   2.84644
1.664   -0.923027   -0.416363   0.163636   0.762211   1.8472   2.85659   2.7948   2.81532   2.83599   2.84631   2.84631
1.66405   -0.92303   -0.416359   0.163659   0.762281   1.84752   2.85649   2.79471   2.81516   2.83587   2.84618   2.84618
1.68524   -0.924057   -0.415127   0.172895   0.789926   1.97494   2.72494   2.75755   2.74991   2.78625   2.795   2.795
1.68557   -0.924073   -0.415108   0.173035   0.790345   2.09795   2.72295   2.75699   2.74893   2.7855   2.79422   2.79422
1.68589   -0.924088   -0.415089   0.173175   0.790764   2.22096   2.72096   2.75643   2.74794   2.78475   2.79345   2.79345
1.68615   -0.924101   -0.415074   0.173292   0.791113   2.32346   2.7193   2.75596   2.74711   2.78412   2.7928   2.7928
1.68717   -0.92415   -0.415015   0.173735   0.792439   2.32376   2.71298   2.75417   2.74398   2.78174   2.79035   2.79035
1.68728   -0.924156   -0.415009   0.173782   0.792579   2.32379   2.7127   2.75399   2.74365   2.78149   2.79009   2.79009
1.71055   -0.925284   -0.413654   0.183927   0.822947   2.33056   2.65134   2.67198   2.67198   2.72699   2.73387   2.73387
1.71071   -0.925292   -0.413645   0.183997   0.823156   2.3306   2.65092   2.67142   2.67161   2.72661   2.73349   2.73349
1.72757   -0.92611   -0.412665   0.191344   0.845146   2.3355   2.60648   2.61203   2.63214   2.68714   2.67785   2.67909
1.72928   -0.926193   -0.412565   0.192173   0.84738   2.336   2.60197   2.606   2.62813   2.68313   2.67219   2.67357
1.73383   -0.926413   -0.4123   0.194376   0.861164   2.33732   2.58998   2.58998   2.61748   2.67248   2.65718   2.65889
1.73404   -0.926423   -0.412288   0.194479   0.861812   2.33738   2.58903   2.58954   2.61698   2.67198   2.65647   2.6582
1.75668   -0.927521   -0.410971   0.20544   0.930404   2.34396   2.48912   2.5432   2.56398   2.51102   2.58176   2.58516
1.75705   -0.927539   -0.410949   0.205621   0.931539   2.34231   2.48747   2.54243   2.5631   2.50835   2.58052   2.58395
1.75711   -0.927542   -0.410946   0.205647   0.931701   2.34207   2.48726   2.54232   2.56298   2.50797   2.58034   2.58378
1.77664   -0.928489   -0.40981   0.215105   0.990888   2.25587   2.40976   2.50234   2.51724   2.44783   2.51587   2.52075
1.7799   -0.928647   -0.40962   0.216685   0.999376   2.24146   2.39681   2.49566   2.5096   2.43778   2.5051   2.51022
1.7806   -0.928681   -0.40958   0.217022   1.00119   2.23839   2.39405   2.49423   2.50797   2.43564   2.5028   2.50797
1.80371   -0.929802   -0.408235   0.228216   1.0613   2.13635   2.30232   2.44691   2.44703   2.36446   2.4265   2.45725
1.80387   -0.92981   -0.408226   0.228294   1.06171   2.13565   2.30169   2.44658   2.44661   2.36424   2.42597   2.4569
1.80392   -0.929812   -0.408223   0.22832   1.06185   2.13541   2.30148   2.44647   2.44647   2.36416   2.42587   2.45678
1.82394   -0.930783   -0.407058   0.23801   1.1139   2.04707   2.22207   2.37596   2.39371   2.33612   2.39078   2.41286
1.8272   -0.930941   -0.406868   0.239591   1.11674   2.03267   2.20911   2.36446   2.38511   2.33154   2.38506   2.4057
1.85005   -0.932049   -0.405539   0.250655   1.13663   1.93182   2.11845   2.2738   2.32487   2.29952   2.345   2.35556
1.85058   -0.932075   -0.405508   0.250914   1.1371   1.92945   2.11416   2.27168   2.32346   2.29877   2.34406   2.35439
1.87306   -0.933165   -0.404201   0.261797   1.15667   1.83025   1.93394   2.1825   2.25625   2.26727   2.30465   2.30507
1.87402   -0.933211   -0.404145   0.262264   1.15751   1.826   1.93197   2.17868   2.25337   2.26592   2.30296   2.30296
1.89045   -0.934008   -0.403189   0.270218   1.17181   1.75349   1.89834   2.1135   2.20425   2.2429   2.27416   2.27416
1.89457   -0.934208   -0.404989   0.272214   1.1754   1.73531   1.8899   2.09715   2.19193   2.23713   2.26693   2.26693
1.91779   -0.935334   -0.415134   0.283459   1.07289   1.6328   1.84236   2.005   2.12248   2.20458   2.22621   2.22621
1.9202   -0.935451   -0.416186   0.284625   1.05903   1.62217   1.83743   1.99544   2.11528   2.20121   2.22199   2.22199
1.92073   -0.935477   -0.41642   0.284884   1.05595   1.61981   1.83633   1.9938   2.11368   2.20046   2.22105   2.22105
1.92079   -0.935479   -0.416444   0.28491   1.05564   1.61957   1.83622   1.99363   2.11352   2.20029   2.22096   2.22096
1.93604   -0.936219   -0.423106   0.292295   0.967828   1.55226   1.805   1.94667   2.06791   2.15333   2.19958   2.19422
1.93925   -0.93809   -0.424508   0.29385   0.949341   1.53809   1.79843   1.93679   2.05831   2.14345   2.19508   2.18859
1.94315   -0.940366   -0.426215   0.28614   0.926849   1.52085   1.79043   1.92476   2.04663   2.13142   2.18961   2.18174
1.94417   -0.940958   -0.426659   0.284133   0.920995   1.51636   1.7832   1.92163   2.04359   2.12829   2.18818   2.17995
1.96407   -0.952557   -0.435355   0.244844   0.806378   1.4285   1.64164   1.86034   1.98406   2.067   2.16029   2.15556
1.96439   -0.952744   -0.435495   0.24421   0.929385   1.42708   1.63936   1.85935   1.9831   2.06601   2.15984   2.15516
1.96621   -0.953804   -0.43629   0.240619   0.91809   1.41905   1.62642   1.85375   1.97766   2.06041   2.15729   2.15293
1.9668   -0.954147   -0.436547   0.239458   0.914436   1.41645   1.62383   1.85194   1.9759   2.0586   2.15646   2.15221
1.96712   -0.954335   -0.436688   0.238824   0.912443   1.41504   1.62241   1.84994   1.97494   2.05761   2.15601   2.15182
1.96734   -0.954459   -0.436781   0.238402   0.911114   1.41409   1.62146   1.84861   1.97432   2.05695   2.15571   2.15155
1.9889   -0.967025   -0.446202   0.195838   0.77724   1.31891   1.52628   1.71474   1.9111   2.02388   2.12549   2.12512
1.98992   -0.967617   -0.446646   0.193832   0.770928   1.31403   1.52179   1.70843   1.90812   2.02232   2.12407   2.12388
2.0064   -0.977221   -0.453846   0.161302   0.668612   1.23497   1.44905   1.67226   1.85981   1.99705   2.10097   2.10367
2.01063   -0.990862   -0.455693   0.152959   0.642369   1.21469   1.43039   1.66299   1.84742   1.99057   2.09504   2.09849
2.01266   -0.997424   -0.456581   0.148945   0.629746   1.20494   1.42141   1.65853   1.84146   1.98745   2.09219   2.096
2.03123   -1.05734   -0.464692   0.112297   0.514474   1.11587   1.36698   1.61778   1.78703   1.95898   2.06617   2.07324
2.03272   -1.06218   -0.471306   0.109339   0.505173   1.10868   1.36259   1.61449   1.78264   1.95668   2.06407   2.07141
2.03374   -1.06546   -0.475793   0.0993283   0.498861   1.1038   1.35961   1.61226   1.77966   1.95512   2.06265   2.07016
2.03706   -1.07616   -0.490437   0.0666606   0.484217   1.08789   1.34989   1.60498   1.76993   1.95003   2.058   2.06609
2.03781   -1.07858   -0.493744   0.0592841   0.480911   1.0843   1.34769   1.60334   1.76796   1.94889   2.05695   2.06517
2.05563   -1.13608   -0.572394   -0.116173   0.40226   0.998819   1.29546   1.56424   1.72098   1.92156   2.00997   2.04333
2.06092   -1.15318   -0.595777   -0.130138   0.378877   0.973407   1.27993   1.55261   1.70702   1.91344   1.99601   2.03684
2.06124   -1.15421   -0.597194   -0.130985   0.37746   0.971867   1.27899   1.55191   1.70617   1.91288   1.99516   2.03645
2.07628   -1.20273   -0.663563   -0.170623   0.311091   0.899738   1.23491   1.51892   1.66653   1.88651   1.95552   2.02894
2.07767   -1.20887   -0.669704   -0.174291   0.304951   0.893064   1.23083   1.51586   1.66286   1.88407   1.95186   2.02824
2.08019   -1.21998   -0.681929   -0.180921   0.29385   0.881   1.22346   1.51034   1.65623   1.87966   1.94523   2.02699
2.08259   -1.2306   -0.693634   -0.187269   0.283221   0.869449   1.2164   1.50506   1.64989   1.87544   1.93888   2.02579
2.08334   -1.23391   -0.697275   -0.189244   0.279915   0.865855   1.2142   1.50342   1.64791   1.87413   1.9369   2.02541
2.08447   -1.23887   -0.702737   -0.192206   0.274955   0.860465   1.21091   1.50012   1.64495   1.87216   1.93394   2.02485
2.10705   -1.33854   -0.812502   -0.251735   0.175283   0.752143   1.14472   1.43393   1.58542   1.83256   1.91419   2.01357
2.12272   -1.40774   -0.888714   -0.293066   0.10608   0.676934   1.09876   1.38797   1.56069   1.80507   1.90047   2.00574
2.12561   -1.4205   -0.902759   -0.300683   0.0933258   0.663073   1.09029   1.3795   1.55613   1.8   1.89795   2.0043
2.14851   -1.52159   -1.01409   -0.526196   -0.00776272   0.553211   1.02315   1.31237   1.52001   1.75985   1.87791   1.99287
2.14985   -1.52749   -1.02059   -0.532101   -0.0136674   0.546794   1.01923   1.30844   1.5179   1.7575   1.87674   1.9922
2.1513   -1.53387   -1.02761   -0.538478   -0.0194002   0.539863   1.015   1.30421   1.51562   1.75497   1.87548   1.99148
2.15253   -1.5393   -1.03359   -0.54391   -0.0242837   0.535163   1.01139   1.3006   1.51368   1.75281   1.8744   1.99086
2.15328   -1.54261   -1.03723   -0.547217   -0.0272562   0.532301   1.00708   1.29841   1.5125   1.75149   1.87375   1.99049
2.15445   -1.5478   -1.04296   -0.552413   -0.0319274   0.527805   1.0003   1.29216   1.51064   1.74943   1.87272   1.9899
2.17045   -1.61842   -1.12073   -0.623033   -0.0954125   0.466694   0.908173   1.20722   1.4854   1.72138   1.85872   1.98191
2.17645   -1.64488   -1.14291   -0.649486   -0.119193   0.443804   0.873665   1.1754   1.47595   1.71087   1.85348   1.97892
2.19239   -1.71526   -1.20192   -0.71987   -0.182466   0.382898   0.781848   1.12866   1.45079   1.68291   1.83953   1.97096
2.19496   -1.72431   -1.21143   -0.731207   -0.192657   0.373087   0.767059   1.12113   1.44674   1.6784   1.83729   1.96967
2.19635   -1.72921   -1.21658   -0.73508   -0.198178   0.367773   0.759048   1.11705   1.44455   1.67596   1.83607   1.96898
2.19881   -1.73788   -1.22569   -0.741932   -0.209042   0.358372   0.744875   1.10983   1.44067   1.67165   1.83392   1.96775
2.20165   -1.74788   -1.23618   -0.749827   -0.22156   0.347539   0.735513   1.10152   1.43619   1.66668   1.83144   1.96633
2.22401   -1.82668   -1.31896   -0.812091   -0.320287   0.262107   0.661681   1.03595   1.40091   1.62746   1.80626   1.95516
2.22546   -1.83176   -1.32431   -0.816113   -0.326664   0.256589   0.656912   1.03172   1.39582   1.62492   1.80464   1.95444
2.2428   -1.89284   -1.38847   -0.864375   -0.403189   0.190369   0.599683   0.980897   1.33474   1.59452   1.78513   1.93928
2.24638   -1.90547   -1.40174   -0.874355   -0.414758   0.176676   0.587848   0.970387   1.32211   1.58824   1.78109   1.93614
2.24799   -1.91113   -1.40768   -0.878823   -0.419938   0.170544   0.582549   0.966628   1.31646   1.58542   1.77929   1.93474
2.27057   -1.99068   -1.49125   -0.941683   -0.492807   0.0842947   0.508011   0.913755   1.2369   1.53255   1.75387   1.91498
2.28549   -2.04328   -1.5465   -0.983242   -0.540983   0.027272   0.45873   0.878798   1.20414   1.49759   1.73707   1.90193
2.28678   -2.04723   -1.55125   -0.986817   -0.545127   0.0223668   0.454491   0.875791   1.20132   1.49458   1.73563   1.9008
2.29085   -2.05976   -1.56197   -0.998138   -0.558251   0.00683371   0.441067   0.866268   1.1924   1.48506   1.73105   1.89724
2.29197   -2.06322   -1.56494   -1.00127   -0.561877   0.00187376   0.437358   0.863637   1.18993   1.48243   1.72979   1.89626
2.31268   -2.12698   -1.61953   -1.05891   -0.628702   -0.0895311   0.378183   0.815149   1.14449   1.43394   1.70648   1.87815
2.31642   -2.13851   -1.6294   -1.06934   -0.640789   -0.106064   0.36748   0.806378   1.13628   1.42517   1.70227   1.87487
2.31803   -2.14346   -1.63363   -1.07381   -0.645969   -0.11315   0.362893   0.802146   1.13275   1.42141   1.70046   1.87347
2.33488   -2.19536   -1.67807   -1.12073   -0.700361   -0.187549   0.314727   0.757711   1.09577   1.3968   1.68149   1.85872
2.33729   -2.20277   -1.68442   -1.12793   -0.708132   -0.198178   0.307846   0.751364   1.09048   1.39329   1.67878   1.85662
2.36399   -2.28499   -1.75481   -1.20778   -0.794296   -0.273295   0.231546   0.680973   1.03189   1.3543   1.64873   1.83326
2.3656   -2.28993   -1.75904   -1.21258   -0.799476   -0.277811   0.226959   0.676741   1.02801   1.35196   1.64692   1.83186
2.36608   -2.29141   -1.76031   -1.21402   -0.80103   -0.279166   0.225583   0.675472   1.02685   1.35125   1.64632   1.83144
2.37871   -2.3303   -1.7936   -1.25178   -0.841782   -0.314693   0.189497   0.642181   0.996351   1.33281   1.63053   1.82408
2.38256   -2.33705   -1.80376   -1.26331   -0.854214   -0.325531   0.178488   0.632024   0.987047   1.32719   1.62571   1.82183
2.38523   -2.34174   -1.81081   -1.27131   -0.859692   -0.333058   0.170843   0.624971   0.980585   1.32328   1.62236   1.82027
2.38641   -2.34381   -1.81391   -1.27483   -0.862102   -0.33637   0.167739   0.621868   0.977742   1.32156   1.62089   1.81959
2.42676   -2.41455   -1.92027   -1.39548   -0.944701   -0.449874   0.061378   0.479727   0.8803   1.26265   1.57042   1.79608
2.45142   -2.45781   -1.99076   -1.46925   -0.995202   -0.519271   -0.00365196   0.392821   0.820723   1.22664   1.53957   1.7817
2.45265   -2.45996   -1.99428   -1.47228   -0.997722   -0.522734   -0.00689641   0.388485   0.817751   1.22484   1.53803   1.78099
2.45388   -2.46212   -1.9978   -1.4753   -1.00133   -0.526196   -0.0101409   0.384149   0.814778   1.22304   1.53649   1.78027
2.45522   -2.46447   -2.00162   -1.47859   -1.00525   -0.529131   -0.0136674   0.379436   0.811547   1.22109   1.53481   1.77949
2.45624   -2.46625   -2.00452   -1.48109   -1.00823   -0.531362   -0.0167979   0.375854   0.809092   1.2196   1.53354   1.7789
2.45736   -2.46822   -2.00774   -1.48386   -1.01153   -0.533828   -0.0202579   0.374279   0.806378   1.21796   1.53214   1.77824
2.45843   -2.4701   -2.01079   -1.48649   -1.01466   -0.536176   -0.0235532   0.37278   0.804502   1.2164   1.5308   1.77762
2.49562   -2.53531   -2.11706   -1.57795   -1.12368   -0.617782   -0.138063   0.32066   0.739292   1.16755   1.48428   1.75595
2.50183   -2.58508   -2.1348   -1.59321   -1.14187   -0.631402   -0.157175   0.31196   0.728408   1.1594   1.47652   1.75233
2.5068   -2.62499   -2.14902   -1.60545   -1.15646   -0.642322   -0.172498   0.304986   0.719682   1.15286   1.47029   1.74943
2.51863   -2.71982   -2.18281   -1.63454   -1.19113   -0.668271   -0.208911   0.288413   0.698947   1.13733   1.4555   1.74254
2.52002   -2.72124   -2.18679   -1.63796   -1.1952   -0.671324   -0.213195   0.286463   0.696507   1.1355   1.45376   1.74173
2.52259   -2.72386   -2.19097   -1.64427   -1.20273   -0.67696   -0.221103   0.282863   0.692003   1.13212   1.45055   1.74023
2.52949   -2.73091   -2.2022   -1.66125   -1.21281   -0.692107   -0.242358   0.273189   0.6799   1.12306   1.44191   1.73621
2.54731   -2.7491   -2.23121   -1.70507   -1.23883   -0.731207   -0.297223   0.248217   0.648655   1.09965   1.42633   1.72583
2.54843   -2.75025   -2.23304   -1.70784   -1.24047   -0.73293   -0.300683   0.246642   0.646685   1.09817   1.42534   1.72517
2.55207   -2.75396   -2.23896   -1.71678   -1.24578   -0.73851   -0.304664   0.241542   0.640305   1.09339   1.42216   1.72305
2.56812   -2.77035   -2.26509   -1.75626   -1.26922   -0.763125   -0.322227   0.219044   0.612157   1.07701   1.40812   1.7137
2.57326   -2.77559   -2.27345   -1.76437   -1.27672   -0.771002   -0.327847   0.211845   0.603149   1.07176   1.40363   1.7107
2.57428   -2.77663   -2.2751   -1.76597   -1.27821   -0.772561   -0.328959   0.21051   0.601367   1.07072   1.40274   1.71011
2.59279   -2.79553   -2.30524   -1.79518   -1.30524   -0.800951   -0.349214   0.186189   0.587876   1.05182   1.38654   1.69932
2.64089   -2.84464   -2.38354   -1.87106   -1.37266   -0.874715   -0.401843   0.122999   0.552824   1.00271   1.34446   1.67129
2.64212   -2.8459   -2.38554   -1.873   -1.37438   -0.875792   -0.403189   0.121382   0.551927   1.00146   1.34339   1.67058
2.64753   -2.85142   -2.39434   -1.88152   -1.38196   -0.880519   -0.409102   0.114283   0.547989   0.995938   1.33866   1.66743
2.65919   -2.86333   -2.41333   -1.89992   -1.39831   -0.890723   -0.421864   0.09896   0.539489   0.984029   1.32846   1.66233
2.6669   -2.87412   -2.42587   -1.91208   -1.4091   -0.897463   -0.430294   0.0888383   0.533874   0.976162   1.32171   1.65896
2.67011   -2.87862   -2.43109   -1.91714   -1.4136   -0.900271   -0.433806   0.0854667   0.531535   0.972885   1.31891   1.65756
2.68375   -2.89775   -2.4533   -1.93866   -1.43273   -0.912207   -0.448734   0.0711374   0.521592   0.958954   1.31295   1.6516
2.68509   -2.89962   -2.45486   -1.94077   -1.4346   -0.913377   -0.450198   0.0697326   0.520618   0.957589   1.31236   1.65102
2.69264   -2.9102   -2.46367   -1.95021   -1.44518   -0.919977   -0.458452   0.0618094   0.51512   0.949886   1.30907   1.64772
2.70981   -2.93427   -2.48372   -1.9717   -1.46925   -0.935002   -0.477244   0.0437714   0.502604   0.944885   1.30156   1.64022
2.71495   -2.94147   -2.48971   -1.97812   -1.47645   -0.939495   -0.482864   0.0383768   0.498861   0.94339   1.29932   1.63797
2.73464   -2.96907   -2.5127   -2.00275   -1.50404   -0.95672   -0.504407   0.0176977   0.475877   0.937657   1.29071   1.62937
2.73582   -2.97072   -2.51407   -2.00423   -1.50569   -0.958784   -0.505695   0.0164615   0.474503   0.937314   1.2902   1.62885
2.77622   -3.02733   -2.56123   -2.05476   -1.56231   -1.02962   -0.564682   -0.0259644   0.427349   0.925553   1.27255   1.61121
2.78403   -3.03874   -2.57035   -2.06453   -1.57326   -1.04332   -0.576089   -0.0341686   0.418231   0.923278   1.26914   1.60779
2.78831   -3.04499   -2.57534   -2.06989   -1.57926   -1.05083   -0.58234   -0.0407327   0.413234   0.922032   1.26727   1.60592
2.80479   -3.06906   -2.59458   -2.0905   -1.60236   -1.07973   -0.606403   -0.0660045   0.393998   0.917234   1.26007   1.6088
2.80602   -3.07085   -2.59601   -2.09204   -1.60409   -1.08124   -0.6082   -0.0678917   0.392561   0.916876   1.25953   1.60901
2.81089   -3.07796   -2.6017   -2.09813   -1.61091   -1.0872   -0.613314   -0.0753584   0.386878   0.915458   1.2574   1.60986
2.82683   -3.10125   -2.62031   -2.11808   -1.63326   -1.10675   -0.63006   -0.0998097   0.368266   0.910816   1.26435   1.61264
2.83347   -3.11093   -2.62805   -2.12638   -1.641   -1.11488   -0.637028   -0.109984   0.360521   0.908884   1.26725   1.6138
2.84899   -3.13359   -2.64617   -2.14579   -1.65911   -1.1339   -0.653324   -0.133779   0.342409   0.887136   1.27401   1.61651
2.85546   -3.14304   -2.65372   -2.15145   -1.66667   -1.14184   -0.660123   -0.143707   0.334852   0.878062   1.27683   1.61764
2.87761   -3.17539   -2.67958   -2.17083   -1.69253   -1.16899   -0.683387   -0.177677   0.312236   0.847015   1.28649   1.6215
2.89452   -3.20008   -2.69932   -2.18562   -1.71226   -1.18972   -0.701144   -0.192467   0.294973   0.823317   1.29386   1.62445
2.90495   -3.21531   -2.71073   -2.19475   -1.72444   -1.20251   -0.712102   -0.201595   0.284321   0.808694   1.29841   1.62627
2.90581   -3.21656   -2.71167   -2.19549   -1.72544   -1.20356   -0.713001   -0.202343   0.283447   0.807494   1.29747   1.62642
2.91662   -3.23235   -2.72349   -2.20495   -1.73806   -1.21681   -0.724352   -0.211798   0.272412   0.792345   1.28564   1.63584
2.92186   -3.23642   -2.72923   -2.20954   -1.74418   -1.22323   -0.729859   -0.216385   0.267058   0.784996   1.27991   1.6404
2.92315   -3.23742   -2.73064   -2.21066   -1.74568   -1.22436   -0.731207   -0.217509   0.265747   0.783196   1.2785   1.64152
2.95049   -3.25868   -2.76055   -2.23458   -1.77759   -1.24828   -0.763122   -0.241427   0.237832   0.744875   1.24859   1.66533
2.9529   -3.26055   -2.76319   -2.23668   -1.7804   -1.25038   -0.765933   -0.243533   0.235374   0.743032   1.24595   1.66743
2.96734   -3.27178   -2.77899   -2.24932   -1.79727   -1.26302   -0.782796   -0.256171   0.220625   0.731977   1.23015   1.67163
2.9934   -3.29204   -2.8075   -2.27212   -1.81721   -1.28581   -0.813212   -0.278965   0.194021   0.712038   1.20164   1.6792
2.99603   -3.29407   -2.81037   -2.27441   -1.81921   -1.28811   -0.815505   -0.281259   0.191344   0.710032   1.19877   1.67996
2.99865   -3.29611   -2.81324   -2.2767   -1.82122   -1.2904   -0.817799   -0.283552   0.18905   0.708025   1.1959   1.68073
3.02342   -3.31537   -2.84034   -2.29837   -1.84018   -1.31207   -0.83947   -0.305224   0.167379   0.689068   1.16988   1.68793
3.03648   -3.32552   -2.85463   -2.30979   -1.85017   -1.32349   -0.850891   -0.316644   0.155958   0.679078   1.15617   1.68222
3.03905   -3.32752   -2.85744   -2.31236   -1.85213   -1.32574   -0.853138   -0.318891   0.153712   0.677113   1.15347   1.6811
3.04167   -3.32955   -2.86031   -2.31499   -1.85414   -1.32771   -0.855431   -0.321185   0.151418   0.675107   1.15072   1.67996
3.07035   -3.35185   -2.89168   -2.34367   -1.87608   -1.3492   -0.880519   -0.346273   0.12633   0.653161   1.1206   1.66743
3.08191   -3.36083   -2.90433   -2.35523   -1.88493   -1.35787   -0.890629   -0.356383   0.11622   0.644317   1.10846   1.65394
3.11059   -3.38313   -2.92256   -2.38391   -1.90687   -1.37936   -0.915718   -0.381471   0.0911318   0.622371   1.07834   1.62046
3.11578   -3.38716   -2.92586   -2.3891   -1.91084   -1.38325   -0.920258   -0.386011   0.0865916   0.618399   1.07289   1.6144
3.1276   -3.39636   -2.93338   -2.40092   -1.91989   -1.39212   -0.930602   -0.396355   0.0762474   0.609351   1.06643   1.6006
3.13803   -3.40548   -2.94001   -2.41136   -1.92788   -1.39994   -0.939729   -0.405483   0.0671202   0.601367   1.06073   1.58842
3.1406   -3.40773   -2.94165   -2.41393   -1.92984   -1.40186   -0.941976   -0.407729   0.0648735   0.599683   1.05933   1.58542
3.15489   -3.42023   -2.95073   -2.42821   -1.94077   -1.41257   -0.954473   -0.420227   0.0523762   0.590315   1.05153   1.57501
3.16008   -3.42477   -2.95403   -2.4334   -1.94418   -1.41646   -0.959013   -0.424767   0.047836   0.586912   1.04869   1.57123
3.20048   -3.46011   -2.97972   -2.4738   -1.97067   -1.44674   -0.994352   -0.460105   0.0242948   0.560423   1.02662   1.54179
3.20315   -3.46245   -2.98142   -2.47508   -1.97242   -1.44875   -0.996692   -0.462446   0.0227357   0.558669   1.02516   1.53984
3.20433   -3.46348   -2.98217   -2.47564   -1.97319   -1.44939   -0.997722   -0.463476   0.0220498   0.557897   1.02452   1.53898
3.20572   -3.46469   -2.98305   -2.4763   -1.9741   -1.45015   -0.99833   -0.464692   0.0212391   0.556985   1.02376   1.53797
3.26822   -3.51936   -3.02278   -2.50609   -2.01508   -1.48429   -1.02563   -0.495902   -0.0151797   0.516006   0.98962   1.49243
3.28128   -3.52425   -3.03109   -2.51232   -2.02364   -1.49142   -1.03134   -0.502422   -0.0227877   0.507445   0.982488   1.48292
3.30343   -3.53254   -3.04517   -2.52287   -2.03817   -1.50352   -1.04102   -0.513484   -0.0356964   0.49292   0.970387   1.47518
3.32563   -3.54086   -3.05929   -2.53346   -2.05273   -1.51565   -1.05072   -0.524573   -0.0486363   0.47836   0.954855   1.46742
3.33987   -3.54619   -3.06834   -2.54024   -2.06206   -1.52343   -1.05693   -0.53168   -0.0569303   0.472142   0.944899   1.46244
3.34249   -3.54717   -3.06936   -2.54149   -2.06378   -1.52486   -1.05808   -0.53299   -0.0584581   0.470996   0.943065   1.46153
3.34511   -3.54815   -3.07037   -2.54274   -2.06493   -1.52629   -1.05923   -0.534299   -0.059986   0.469851   0.941231   1.46061
3.36994   -3.55745   -3.08001   -2.55458   -2.07577   -1.53985   -1.07224   -0.546697   -0.0744537   0.459004   0.923864   1.45193
3.37117   -3.55791   -3.08049   -2.55516   -2.07631   -1.54053   -1.07289   -0.547342   -0.0751708   0.458467   0.923004   1.4515
3.39081   -3.56526   -3.08812   -2.56452   -2.08489   -1.55125   -1.08319   -0.55764   -0.08375   0.449887   0.909267   1.44464
3.39862   -3.56818   -3.09115   -2.56825   -2.0883   -1.55581   -1.08728   -0.561736   -0.087163   0.446474   0.903803   1.44191
3.42066   -3.57644   -3.09971   -2.57875   -2.09793   -1.56865   -1.09884   -0.573296   -0.0967941   0.436843   0.888383   1.43421
3.43249   -3.58087   -3.1043   -2.58439   -2.1031   -1.57554   -1.10504   -0.579497   -0.10196   0.431677   0.884251   1.43008
3.45855   -3.59453   -3.11442   -2.59681   -2.11448   -1.59073   -1.11871   -0.593161   -0.113345   0.420293   0.875145   1.42097
3.4624   -3.59655   -3.11592   -2.60115   -2.11617   -1.59297   -1.12073   -0.595181   -0.115028   0.41861   0.873799   1.41963
3.48723   -3.60957   -3.12556   -2.62909   -2.12701   -1.60744   -1.12615   -0.6082   -0.125874   0.407763   0.865124   1.41095
3.51334   -3.62326   -3.13569   -2.65847   -2.13842   -1.62266   -1.13185   -0.615803   -0.137282   0.396355   0.856   1.40183
3.51596   -3.62464   -3.13671   -2.66143   -2.13957   -1.62418   -1.13242   -0.616566   -0.138427   0.393142   0.855084   1.40091
3.53019   -3.6321   -3.14224   -2.67744   -2.14579   -1.63248   -1.13553   -0.62071   -0.144646   0.375695   0.85011   1.37595
3.53153   -3.6328   -3.14276   -2.67895   -2.14784   -1.63326   -1.13582   -0.621099   -0.14523   0.374055   0.849643   1.37361
3.53801   -3.6362   -3.14527   -2.68624   -2.15777   -1.64271   -1.13723   -0.622984   -0.148059   0.366119   0.84738   1.36225
3.54978   -3.64237   -3.14984   -2.69948   -2.17582   -1.6599   -1.1398   -0.626412   -0.153201   0.351689   0.831917   1.34161
3.55106   -3.64439   -3.15034   -2.70093   -2.17779   -1.66177   -1.14009   -0.626785   -0.153762   0.350115   0.83023   1.33936
3.55631   -3.65267   -3.15954   -2.70683   -2.18583   -1.66943   -1.14123   -0.628312   -0.156053   0.343688   0.823341   1.33017
3.55764   -3.65478   -3.16188   -2.70834   -2.18788   -1.67138   -1.14713   -0.628702   -0.156638   0.342048   0.821584   1.32782
3.55887   -3.65672   -3.16404   -2.70972   -2.18977   -1.67318   -1.15257   -0.63086   -0.157175   0.340539   0.819967   1.32566
3.56273   -3.6628   -3.1708   -2.71406   -2.19567   -1.67881   -1.16957   -0.637615   -0.163253   0.335817   0.814907   1.31891
3.57953   -3.6893   -3.20026   -2.73297   -2.22144   -1.70334   -1.24374   -0.667077   -0.189756   0.315222   0.792836   1.29437
3.62249   -3.75708   -3.2756   -2.78132   -2.28732   -1.76608   -1.30962   -0.74242   -0.257533   0.262555   0.736393   1.23164
3.62378   -3.7591   -3.27785   -2.78315   -2.28929   -1.76795   -1.31159   -0.744671   -0.259559   0.26098   0.734706   1.22976
3.62779   -3.76543   -3.28489   -2.78886   -2.29351   -1.77381   -1.31775   -0.751708   -0.26589   0.256061   0.729434   1.2239
3.63041   -3.76957   -3.28949   -2.79259   -2.29626   -1.77764   -1.32177   -0.756306   -0.270025   0.252847   0.72599   1.22007
3.63164   -3.77151   -3.29164   -2.79435   -2.29755   -1.77944   -1.32365   -0.758464   -0.271967   0.25096   0.724374   1.21828
3.63293   -3.77354   -3.2939   -2.79617   -2.2989   -1.78131   -1.32562   -0.760716   -0.273993   0.248991   0.722122   1.2164
3.66675   -3.82688   -3.3532   -2.84431   -2.33442   -1.83069   -1.37748   -0.820014   -0.327337   0.197134   0.662823   1.1571
3.67194   -3.8337   -3.3623   -2.8517   -2.33987   -1.83827   -1.38544   -0.829115   -0.335524   0.189175   0.653722   1.148
3.67311   -3.83524   -3.36436   -2.85338   -2.3411   -1.83982   -1.38724   -0.83118   -0.337381   0.18737   0.651658   1.14594
3.67584   -3.83883   -3.36915   -2.85726   -2.34397   -1.8434   -1.39011   -0.835965   -0.341686   0.183186   0.646873   1.14115
3.67969   -3.84389   -3.3759   -2.86275   -2.34802   -1.84846   -1.39416   -0.84272   -0.346747   0.177278   0.640117   1.1344
3.69136   -3.85921   -3.39636   -2.87935   -2.36027   -1.86378   -1.40641   -0.863175   -0.36207   0.159391   0.619663   1.12419
3.72132   -3.89857   -3.43384   -2.92201   -2.39173   -1.90315   -1.43787   -0.915718   -0.401432   0.113442   0.56712   1.09798
3.724   -3.90209   -3.43718   -2.92581   -2.39454   -1.90666   -1.44068   -0.918997   -0.404946   0.109339   0.562429   1.09564
3.72518   -3.90364   -3.43866   -2.92749   -2.39578   -1.90821   -1.44192   -0.92044   -0.406493   0.107896   0.560364   1.09461
3.74091   -3.9243   -3.45833   -2.94988   -2.4123   -1.92887   -1.45844   -0.939723   -0.427158   0.0886134   0.540687   1.08085
3.77344   -3.96704   -3.49903   -2.99619   -2.46219   -1.97161   -1.49261   -0.979601   -0.469894   0.0487355   0.499992   1.05239
3.79024   -3.98911   -3.52004   -3.02011   -2.48795   -1.99368   -1.51025   -1.0002   -0.491965   0.0281407   0.478976   1.0318
3.8072   -4.01139   -3.54126   -3.04426   -2.51396   -2.01596   -1.52806   -1.02099   -0.514247   0.00734905   0.457758   1.01101
3.80972   -4.01396   -3.54441   -3.04784   -2.51782   -2.01926   -1.5307   -1.02407   -0.51755   0.00426639   0.454613   1.00792
3.81239   -4.01669   -3.54775   -3.04996   -2.52192   -2.02278   -1.53351   -1.02735   -0.521065   0.000986953   0.451266   1.00464
3.83449   -4.03925   -3.5754   -3.06753   -2.55581   -2.04534   -1.55672   -1.05444   -0.550094   -0.0261012   0.423623   0.977555
3.8384   -4.04324   -3.58028   -3.07064   -2.55991   -2.04933   -1.56082   -1.05923   -0.555226   -0.0308891   0.418737   0.972767
3.84107   -4.04597   -3.58363   -3.07277   -2.56272   -2.05206   -1.56363   -1.06204   -0.55874   -0.0341686   0.415391   0.969488
3.85525   -4.06045   -3.60137   -3.08404   -2.57761   -2.06654   -1.57853   -1.07693   -0.577367   -0.048645   0.397654   0.952107
3.86312   -4.06848   -3.60825   -3.09029   -2.58587   -2.07457   -1.58679   -1.08519   -0.587699   -0.0566753   0.387815   0.942465
3.88907   -4.09497   -3.63095   -3.11093   -2.61313   -2.10106   -1.61404   -1.11244   -0.613652   -0.08317   0.355353   0.910655
3.89052   -4.09645   -3.63221   -3.11207   -2.61464   -2.10254   -1.61556   -1.11396   -0.615097   -0.0846449   0.354406   0.908884
3.90737   -4.11365   -3.64696   -3.12548   -2.63234   -2.11974   -1.63326   -1.13166   -0.631952   -0.101853   0.343354   0.891183
3.94777   -4.1549   -3.68229   -3.1576   -2.67477   -2.16099   -1.6686   -1.17408   -0.672353   -0.143097   0.316865   0.848757
3.95162   -4.15785   -3.68566   -3.16066   -2.67882   -2.16492   -1.67197   -1.17813   -0.676205   -0.14703   0.314339   0.844711
3.95296   -4.15887   -3.68683   -3.16172   -2.67999   -2.16629   -1.67314   -1.17954   -0.677543   -0.148396   0.313462   0.843306
3.95553   -4.16083   -3.68908   -3.16376   -2.68223   -2.16821   -1.67538   -1.18223   -0.680112   -0.151018   0.311778   0.840609
3.98164   -4.18081   -3.71192   -3.18452   -2.70507   -2.18778   -1.69822   -1.19854   -0.706225   -0.177677   0.294657   0.813187
4.00764   -4.20071   -3.73467   -3.2052   -2.72782   -2.20728   -1.72097   -1.21477   -0.732231   -0.197168   0.277605   0.785877
4.02712   -4.21562   -3.75171   -3.22069   -2.74486   -2.22187   -1.73801   -1.22694   -0.751708   -0.211767   0.264835   0.771684
4.04537   -4.22958   -3.76767   -3.23519   -2.76082   -2.23555   -1.75397   -1.23833   -0.75968   -0.225443   0.252871   0.758389
4.06618   -4.24551   -3.78588   -3.25174   -2.76991   -2.25115   -1.77218   -1.25133   -0.768773   -0.241045   0.239223   0.743222
4.06757   -4.24657   -3.78644   -3.25285   -2.77052   -2.2522   -1.7734   -1.2522   -0.769381   -0.242088   0.238311   0.742208
4.07143   -4.24952   -3.78799   -3.25466   -2.7722   -2.25508   -1.77677   -1.2546   -0.771064   -0.244975   0.235785   0.7394
4.11707   -4.28444   -3.8064   -3.27614   -2.79214   -2.28929   -1.80336   -1.2831   -0.791004   -0.279186   0.205857   0.706142
4.11969   -4.28645   -3.80745   -3.27737   -2.79329   -2.29031   -1.80489   -1.28474   -0.79215   -0.281151   0.204138   0.704231
4.13531   -4.29841   -3.81375   -3.28472   -2.80012   -2.29638   -1.81399   -1.29156   -0.798976   -0.292863   0.193893   0.692846
4.14575   -4.30166   -3.81796   -3.28963   -2.80467   -2.30043   -1.82008   -1.29612   -0.803534   -0.300683   0.187052   0.685243
4.14832   -4.30246   -3.819   -3.29084   -2.8058   -2.30143   -1.82157   -1.29724   -0.804656   -0.301966   0.185368   0.683371
4.17047   -4.30937   -3.82793   -3.30126   -2.81547   -2.31003   -1.83448   -1.30692   -0.814334   -0.313028   0.170843   0.669539
4.18615   -4.31426   -3.83425   -3.30864   -2.82232   -2.31612   -1.84362   -1.31377   -0.821183   -0.320857   0.162123   0.65975
4.21215   -4.32238   -3.84474   -3.32088   -2.83596   -2.32621   -1.85877   -1.32513   -0.832544   -0.333843   0.147659   0.643512
4.21483   -4.32321   -3.84582   -3.32213   -2.83736   -2.32725   -1.8597   -1.3263   -0.833713   -0.335179   0.146171   0.641841
4.30344   -4.35085   -3.88155   -3.36383   -2.88383   -2.36166   -1.89067   -1.36501   -0.877962   -0.379428   0.0968865   0.586512
4.30739   -4.35209   -3.88314   -3.36569   -2.88531   -2.3632   -1.89205   -1.36674   -0.879939   -0.381405   0.0946842   0.58404
4.30996   -4.35289   -3.88418   -3.3669   -2.88627   -2.36419   -1.89295   -1.36719   -0.881222   -0.382688   0.0932557   0.582436
4.31248   -4.35367   -3.88519   -3.36808   -2.88721   -2.36517   -1.89383   -1.36763   -0.882478   -0.38363   0.0918569   0.580866
4.32826   -4.3586   -3.89156   -3.37551   -2.89312   -2.3713   -1.89934   -1.37039   -0.89036   -0.389539   0.0830774   0.564289
4.32949   -4.35898   -3.89205   -3.37609   -2.89358   -2.37157   -1.89977   -1.3706   -0.890975   -0.39   0.0823929   0.562996
4.37123   -4.372   -3.90888   -3.39573   -2.90921   -2.38068   -1.90585   -1.37789   -0.911816   -0.405626   0.0591792   0.519166
4.37257   -4.37242   -3.90895   -3.39636   -2.90971   -2.38097   -1.90604   -1.37812   -0.912484   -0.406127   0.0584352   0.517761
4.37904   -4.37444   -3.90924   -3.39683   -2.91213   -2.38238   -1.90698   -1.37925   -0.915718   -0.408551   0.0548341   0.510961
4.42479   -4.38871   -3.91134   -3.40015   -2.92926   -2.39237   -1.91364   -1.38724   -0.925705   -0.42568   0.0293884   0.462916
4.42848   -4.38986   -3.91151   -3.40042   -2.93065   -2.39318   -1.91418   -1.38778   -0.926511   -0.427063   0.0273349   0.459039
4.42961   -4.39021   -3.91157   -3.4005   -2.93107   -2.39342   -1.91434   -1.38794   -0.926757   -0.427483   0.0264926   0.457859
4.46391   -4.40091   -3.91314   -3.403   -2.94391   -2.40091   -1.91933   -1.39294   -0.934244   -0.440325   0.000784306   0.417825
4.4677   -4.40113   -3.91332   -3.40328   -2.94533   -2.40174   -1.91988   -1.39349   -0.935074   -0.441747   -0.00206326   0.41339
4.47038   -4.40129   -3.91344   -3.40347   -2.94533   -2.40232   -1.92027   -1.39388   -0.935658   -0.442749   -0.00406859   0.410267
4.47423   -4.40151   -3.91362   -3.40375   -2.94533   -2.40317   -1.92069   -1.39444   -0.936499   -0.444191   -0.00695626   0.405771
4.49986   -4.403   -3.91479   -3.40562   -2.94533   -2.40876   -1.92349   -1.39817   -0.942095   -0.452587   -0.0261673   0.375854
4.51608   -4.40395   -3.91554   -3.40679   -2.94533   -2.4123   -1.92526   -1.40053   -0.945634   -0.457898   -0.0383196   0.33789
4.56568   -4.40683   -3.91782   -3.4104   -2.94533   -2.4123   -1.93067   -1.40774   -0.956463   -0.474146   -0.0754984   0.221743
4.56685   -4.4069   -3.91787   -3.41049   -2.94533   -2.4123   -1.9308   -1.40789   -0.95672   -0.474531   -0.0763807   0.218987
4.5699   -4.40708   -3.91801   -3.41071   -2.94533   -2.4123   -1.93113   -1.40827   -0.9571   -0.47553   -0.0786668   0.211845
4.59259   -4.4084   -3.91905   -3.41236   -2.94533   -2.4123   -1.93361   -1.4111   -0.95993   -0.482962   -0.095672   0.158721
4.63995   -4.41116   -3.92123   -3.41581   -2.94533   -2.4123   -1.93878   -1.41701   -0.965836   -0.498473   -0.137096   0.047836
4.65439   -4.412   -3.92189   -3.41686   -2.94533   -2.4123   -1.94035   -1.41881   -0.967638   -0.503206   -0.149733   -0.00306339
4.65825   -4.41222   -3.92207   -3.4166   -2.94533   -2.4123   -1.94077   -1.41929   -0.968118   -0.504468   -0.153103   -0.0166366
4.66199   -4.41244   -3.92224   -3.41635   -2.94533   -2.4123   -1.94041   -1.41976   -0.968585   -0.505695   -0.15638   -0.0298327
4.67911   -4.41343   -3.92303   -3.4152   -2.94533   -2.4123   -1.93875   -1.42189   -0.970721   -0.514245   -0.171358   -0.0901579
4.6865   -4.41386   -3.92337   -3.4147   -2.94452   -2.4123   -1.93804   -1.42281   -0.971642   -0.517933   -0.177817   -0.116173
4.70977   -4.41522   -3.92444   -3.41314   -2.94199   -2.4123   -1.93578   -1.42572   -0.974545   -0.529556   -0.198178   -0.160406
4.73005   -4.4164   -3.92537   -3.41178   -2.93977   -2.4123   -1.93381   -1.42825   -0.977074   -0.539683   -0.233738   -0.198944
4.73123   -4.41647   -3.92542   -3.4117   -2.93965   -2.4123   -1.9337   -1.42825   -0.977221   -0.540271   -0.235802   -0.201181
4.77446   -4.41898   -3.92741   -3.4088   -2.93493   -2.4123   -1.92951   -1.42825   -0.98561   -0.561861   -0.311614   -0.283342
4.80331   -4.42066   -3.92873   -3.40686   -2.93179   -2.40871   -1.92671   -1.42825   -0.991207   -0.576263   -0.362187   -0.33815
4.8162   -4.42141   -3.92933   -3.406   -2.93038   -2.4071   -1.92546   -1.42825   -0.993709   -0.582703   -0.401895   -0.362656
4.81748   -4.42119   -3.92938   -3.40591   -2.93024   -2.40694   -1.92534   -1.42825   -0.993958   -0.583344   -0.405849   -0.365097
4.82621   -4.41967   -3.92786   -3.40532   -2.92929   -2.40585   -1.92449   -1.42825   -0.995651   -0.587699   -0.432705   -0.381671
4.82674   -4.41957   -3.92777   -3.40529   -2.92923   -2.40578   -1.92444   -1.42825   -0.995755   -0.587816   -0.434353   -0.382688
4.8498   -4.41555   -3.92375   -3.40374   -2.92671   -2.40291   -1.9222   -1.42825   -1.00023   -0.592851   -0.505365   -0.546697
4.84991   -4.41553   -3.92373   -3.40373   -2.9267   -2.4029   -1.92219   -1.42825   -1.00025   -0.592874   -0.505695   -0.546861
4.86709   -4.41253   -3.92073   -3.40258   -2.92483   -2.40076   -1.92053   -1.42825   -1.00358   -0.596624   -0.535813   -0.5732
4.86971   -4.41208   -3.92027   -3.4024   -2.92437   -2.40043   -1.92027   -1.42825   -1.00409   -0.597196   -0.540411   -0.57722
4.89448   -4.40775   -3.91595   -3.40074   -2.92005   -2.39734   -1.92027   -1.42825   -1.0089   -0.602605   -0.583852   -0.61521
4.92011   -4.40328   -3.91148   -3.39902   -2.91558   -2.39415   -1.92027   -1.43198   -1.01387   -0.6082   -0.628795   -0.654513
4.93895   -4.4   -3.90819   -3.39776   -2.91229   -2.3918   -1.92027   -1.43472   -1.01753   -0.646761   -0.661822   -0.683395
4.94253   -4.39937   -3.90757   -3.39752   -2.91167   -2.39152   -1.92027   -1.43524   -1.01822   -0.654101   -0.668109   -0.688892
4.94339   -4.39922   -3.90742   -3.39746   -2.91152   -2.39145   -1.92027   -1.43536   -1.01847   -0.655854   -0.66961   -0.690205
4.95982   -4.39636   -3.90455   -3.39636   -2.90865   -2.39014   -1.92027   -1.43775   -1.02326   -0.689485   -0.698415   -0.711784
4.99021   -4.39105   -3.89925   -3.38929   -2.90335   -2.38773   -1.92027   -1.44218   -1.0321   -0.751708   -0.751708   -0.751708
5.03537   -4.38317   -3.89137   -3.37878   -2.89547   -2.38415   -1.92027   -1.44875   -1.04525   -0.830898   -0.822064   -0.811033
5.03703   -4.38288   -3.89108   -3.3784   -2.89518   -2.38402   -1.92027   -1.44854   -1.04573   -0.833807   -0.824648   -0.813212
5.08112   -4.37519   -3.88339   -3.36814   -2.88749   -2.38052   -1.92027   -1.44304   -1.05857   -0.91112   -0.893336   -0.890525
5.08337   -4.3748   -3.883   -3.36762   -2.88709   -2.38034   -1.91984   -1.44276   -1.05923   -0.915061   -0.896837   -0.894466
5.08374   -4.37473   -3.88293   -3.36753   -2.88703   -2.38031   -1.91977   -1.44272   -1.05928   -0.915718   -0.89742   -0.895123
5.10209   -4.37153   -3.87973   -3.36326   -2.88383   -2.37886   -1.91621   -1.44043   -1.06195   -0.94144   -0.926012   -0.927305
5.13056   -4.36657   -3.87476   -3.35664   -2.87886   -2.3766   -1.91069   -1.43688   -1.06609   -0.981336   -0.970359   -0.977221
5.16871   -4.35991   -3.86811   -3.34777   -2.8722   -2.37357   -1.90329   -1.43213   -1.07164   -1.03481   -1.02979   -1.02175
5.16999   -4.35961   -3.86788   -3.34747   -2.87198   -2.37347   -1.90304   -1.43197   -1.07183   -1.03661   -1.0318   -1.02325
5.19739   -4.35324   -3.86191   -3.3411   -2.8672   -2.3713   -1.89773   -1.42855   -1.07582   -1.075   -1.07448   -1.05523
5.19985   -4.35267   -3.86137   -3.34052   -2.86677   -2.37071   -1.89726   -1.42825   -1.07618   -1.07845   -1.07831   -1.0581
5.20076   -4.35245   -3.86117   -3.34031   -2.86661   -2.3705   -1.89708   -1.42835   -1.07631   -1.07973   -1.07973   -1.05916
5.20081   -4.35244   -3.86116   -3.3403   -2.8666   -2.37048   -1.89707   -1.42835   -1.07632   -1.07979   -1.0798   -1.05923
5.22425   -4.34699   -3.85605   -3.33485   -2.86251   -2.36491   -1.89253   -1.43091   -1.07973   -1.10616   -1.11403   -1.10032
5.24758   -4.34156   -3.85096   -3.32942   -2.85844   -2.35936   -1.888   -1.43345   -1.1155   -1.13242   -1.14809   -1.14123
5.29263   -4.33108   -3.84114   -3.31894   -2.85058   -2.34864   -1.87927   -1.43837   -1.18459   -1.18312   -1.21387   -1.18064
5.31238   -4.32649   -3.83683   -3.31435   -2.84714   -2.34395   -1.87681   -1.44053   -1.21487   -1.20534   -1.2427   -1.19791
5.31784   -4.32522   -3.83564   -3.31289   -2.84619   -2.34265   -1.87613   -1.44112   -1.22323   -1.21149   -1.25067   -1.20269
5.3371   -4.32074   -3.83144   -3.30772   -2.84282   -2.33806   -1.87373   -1.44322   -1.24346   -1.23316   -1.2788   -1.21954
5.34117   -4.3198   -3.83055   -3.30663   -2.84164   -2.3371   -1.87322   -1.44367   -1.24773   -1.23774   -1.28474   -1.22309
5.34133   -4.31976   -3.83052   -3.30658   -2.8416   -2.33706   -1.8732   -1.44368   -1.2479   -1.23792   -1.28485   -1.22323
5.36471   -4.31432   -3.82542   -3.30031   -2.8348   -2.3315   -1.87029   -1.44624   -1.27246   -1.26424   -1.30075   -1.24882
5.38772   -4.30897   -3.8204   -3.29413   -2.82811   -2.32602   -1.86742   -1.44875   -1.29662   -1.28725   -1.31639   -1.27399
5.43497   -4.29798   -3.8101   -3.28145   -2.81437   -2.31478   -1.86153   -1.43844   -1.34624   -1.3345   -1.34852   -1.32568
5.43502   -4.29797   -3.81009   -3.28144   -2.81436   -2.31477   -1.86152   -1.43843   -1.34629   -1.33455   -1.34856   -1.32574
5.45594   -4.2931   -3.80553   -3.27583   -2.80828   -2.30979   -1.85892   -1.43387   -1.36459   -1.35547   -1.36279   -1.35629
5.45712   -4.29283   -3.80527   -3.27551   -2.80794   -2.30961   -1.85877   -1.43361   -1.36562   -1.35665   -1.36359   -1.35801
5.48173   -4.2871   -3.7999   -3.2689   -2.80078   -2.3057   -1.85638   -1.42825   -1.38715   -1.38126   -1.38033   -1.39395
5.50522   -4.28164   -3.79478   -3.2626   -2.79395   -2.30198   -1.85411   -1.43851   -1.4077   -1.40475   -1.3963   -1.42825
5.52127   -4.2779   -3.79128   -3.25829   -2.78929   -2.29943   -1.85255   -1.44552   -1.42174   -1.42081   -1.40721   -1.44229
5.52871   -4.2762   -3.78966   -3.2563   -2.78712   -2.29825   -1.85183   -1.44877   -1.42825   -1.42825   -1.41227   -1.44879
5.54605   -4.27222   -3.78588   -3.25164   -2.78208   -2.2955   -1.85015   -1.45634   -1.44341   -1.44341   -1.42406   -1.46396
5.54867   -4.27162   -3.78516   -3.25094   -2.78132   -2.29509   -1.84989   -1.45749   -1.4457   -1.4457   -1.42584   -1.46625
5.55215   -4.27082   -3.78421   -3.25001   -2.78065   -2.29453   -1.84956   -1.45901   -1.44875   -1.44875   -1.42821   -1.4693
5.5522   -4.27081   -3.7842   -3.24999   -2.78064   -2.29453   -1.84955   -1.45903   -1.44879   -1.44879   -1.42825   -1.46934
5.57558   -4.26544   -3.77783   -3.24372   -2.7761   -2.29082   -1.84728   -1.46925   -1.46668   -1.46925   -1.4528   -1.4898
5.61796   -4.25571   -3.76628   -3.23235   -2.76789   -2.2841   -1.84318   -1.46185   -1.49911   -1.50632   -1.49731   -1.52687
5.64584   -4.24931   -3.75868   -3.22748   -2.76248   -2.27967   -1.84047   -1.45699   -1.52044   -1.5307   -1.52658   -1.55125
5.66858   -4.24409   -3.75248   -3.22351   -2.75808   -2.27607   -1.83827   -1.45302   -1.53784   -1.5506   -1.55047   -1.56261
5.66933   -4.24392   -3.75228   -3.22338   -2.75793   -2.27595   -1.83819   -1.45289   -1.53841   -1.55125   -1.55125   -1.56298
5.69277   -4.23854   -3.74589   -3.21929   -2.75339   -2.27223   -1.83563   -1.4488   -1.55635   -1.57175   -1.56765   -1.57469
5.69309   -4.23847   -3.7458   -3.21924   -2.75333   -2.27218   -1.8356   -1.44875   -1.55659   -1.57194   -1.56787   -1.57485
5.71444   -4.23357   -3.73998   -3.21551   -2.74919   -2.26879   -1.83327   -1.47679   -1.57293   -1.58438   -1.5828   -1.58551
5.73969   -4.22777   -3.7331   -3.21111   -2.74429   -2.26439   -1.83051   -1.50997   -1.59226   -1.5991   -1.60047   -1.59812
5.73991   -4.22772   -3.73304   -3.21107   -2.74425   -2.26435   -1.83049   -1.51025   -1.59241   -1.59922   -1.60062   -1.59823
5.76019   -4.22307   -3.72751   -3.20753   -2.74032   -2.26081   -1.82828   -1.52799   -1.60719   -1.61104   -1.61481   -1.60835
5.81005   -4.21162   -3.71392   -3.19883   -2.73065   -2.25211   -1.82284   -1.57161   -1.64353   -1.6401   -1.64969   -1.63326
5.83365   -4.2062   -3.70749   -3.19471   -2.72608   -2.24799   -1.82027   -1.59226   -1.66072   -1.65385   -1.66619   -1.6608
5.85655   -4.20095   -3.70125   -3.19072   -2.72164   -2.244   -1.81777   -1.60426   -1.67741   -1.6672   -1.68221   -1.68753
5.88031   -4.19549   -3.69478   -3.18657   -2.71703   -2.23985   -1.81777   -1.61672   -1.69472   -1.68104   -1.69883   -1.71526
5.88036   -4.19548   -3.69476   -3.18656   -2.71702   -2.23984   -1.81777   -1.61675   -1.69476   -1.68107   -1.69887   -1.71528
5.9038   -4.1901   -3.68837   -3.18248   -2.71248   -2.23575   -1.81777   -1.62904   -1.71115   -1.69473   -1.71526   -1.72438
5.90385   -4.19009   -3.68836   -3.18247   -2.71247   -2.23574   -1.81777   -1.62907   -1.71119   -1.69476   -1.71529   -1.7244
5.92215   -4.18589   -3.68337   -3.17927   -2.70892   -2.23255   -1.81777   -1.63866   -1.72399   -1.7039   -1.72443   -1.73151
5.94944   -4.17962   -3.6794   -3.17451   -2.70363   -2.22779   -1.81777   -1.65297   -1.74308   -1.71753   -1.73805   -1.74211
5.95094   -4.17928   -3.67919   -3.17425   -2.70334   -2.22765   -1.81777   -1.65376   -1.74413   -1.71827   -1.7388   -1.74269
5.96785   -4.1754   -3.67673   -3.1713   -2.70006   -2.22601   -1.81777   -1.66855   -1.75596   -1.72672   -1.74725   -1.74925
5.97047   -4.17479   -3.67635   -3.17084   -2.69956   -2.22575   -1.81777   -1.67084   -1.75779   -1.72803   -1.74856   -1.75027
5.9717   -4.1745   -3.67617   -3.17063   -2.69932   -2.22563   -1.81777   -1.67192   -1.75865   -1.72864   -1.74917   -1.75075
5.9976   -4.16848   -3.6724   -3.16611   -2.69681   -2.22312   -1.81777   -1.69457   -1.77677   -1.74157   -1.7621   -1.7608
6.02098   -4.16304   -3.669   -3.16203   -2.69454   -2.22085   -1.81777   -1.71503   -1.79722   -1.75325   -1.77378   -1.76988
6.02125   -4.16298   -3.66896   -3.16198   -2.69451   -2.22083   -1.818   -1.71526   -1.79745   -1.75339   -1.77391   -1.76999
6.06802   -4.1521   -3.66216   -3.15382   -2.68998   -2.21629   -1.85891   -1.81376   -1.83836   -1.77674   -1.79727   -1.78815
6.06807   -4.15209   -3.66215   -3.15381   -2.68997   -2.21629   -1.85896   -1.81387   -1.83841   -1.77677   -1.79744   -1.78817
6.09129   -4.14669   -3.65878   -3.14976   -2.68772   -2.21404   -1.87927   -1.86278   -1.85872   -1.85858   -1.87238   -1.79718
6.09151   -4.14664   -3.65875   -3.14973   -2.6877   -2.21402   -1.87993   -1.86323   -1.85891   -1.85934   -1.87307   -1.79727
6.11473   -4.14124   -3.65537   -3.14567   -2.68545   -2.21177   -1.95144   -1.91214   -1.87922   -1.94115   -1.94801   -1.89977
6.11478   -4.14122   -3.65536   -3.14566   -2.68545   -2.21176   -1.9516   -1.91225   -1.87927   -1.94134   -1.94818   -1.89996
6.1379   -4.13585   -3.652   -3.14163   -2.6832   -2.20952   -2.02278   -1.96094   -1.971   -2.02278   -2.02278   -1.9814
6.13806   -4.13581   -3.65198   -3.1416   -2.68319   -2.2095   -2.02306   -1.96128   -1.97163   -2.02315   -2.02312   -1.98197
6.16091   -4.13049   -3.64866   -3.13762   -2.68097   -2.20729   -2.06312   -2.02151   -2.0623   -2.0753   -2.07124   -2.06246
6.16128   -4.13041   -3.6486   -3.13755   -2.68094   -2.20729   -2.06378   -2.0225   -2.06378   -2.07616   -2.07203   -2.06378
6.18316   -4.12532   -3.64542   -3.13373   -2.67882   -2.20729   -2.10216   -2.08019   -2.12148   -2.12611   -2.11812   -2.09734
6.18466   -4.12497   -3.6452   -3.13347   -2.67863   -2.20729   -2.10478   -2.08414   -2.12543   -2.12953   -2.12127   -2.09964
6.23138   -4.1141   -3.63841   -3.12532   -2.67281   -2.20729   -2.24172   -2.20729   -2.24857   -2.23616   -2.21966   -2.17127
6.2546   -4.1087   -3.63503   -3.12127   -2.66991   -2.26851   -2.30979   -2.26851   -2.30979   -2.28917   -2.26857   -2.20688
6.25465   -4.10869   -3.63502   -3.12126   -2.66991   -2.26865   -2.30998   -2.26865   -2.30994   -2.28929   -2.26868   -2.20696
6.2547   -4.10868   -3.63502   -3.12125   -2.6699   -2.26879   -2.31017   -2.26879   -2.31008   -2.28945   -2.26879   -2.20704
6.25487   -4.10864   -3.63499   -3.12122   -2.66988   -2.26922   -2.31074   -2.26922   -2.3105   -2.28991   -2.26922   -2.20729
6.27787   -4.10329   -3.63165   -3.11721   -2.66701   -2.32987   -2.3918   -2.32987   -2.37116   -2.35565   -2.32987   -2.3918
6.27803   -4.10325   -3.63162   -3.11718   -2.66699   -2.3303   -2.39237   -2.3303   -2.37158   -2.35611   -2.3303   -2.39227
6.30136   -4.09782   -3.62823   -3.11311   -2.66408   -2.3918   -2.47456   -2.40558   -2.43308   -2.42278   -2.3918   -2.46066
6.32041   -4.09339   -3.62546   -3.10979   -2.66171   -2.44925   -2.54167   -2.46705   -2.4833   -2.47722   -2.44202   -2.5165
6.32298   -4.09302   -3.62509   -3.10934   -2.66139   -2.45699   -2.55072   -2.47534   -2.49007   -2.48455   -2.44879   -2.52403
6.32443   -4.09281   -3.62488   -3.1092   -2.66121   -2.46135   -2.55581   -2.48   -2.49388   -2.48868   -2.4526   -2.52826
6.34513   -4.0898   -3.62187   -3.10719   -2.65863   -2.5238   -2.59212   -2.54683   -2.54847   -2.54786   -2.50719   -2.58897
6.34765   -4.08943   -3.62167   -3.10695   -2.65831   -2.53139   -2.59653   -2.55495   -2.5551   -2.55504   -2.51382   -2.59634
6.34781   -4.08941   -3.62166   -3.10693   -2.65855   -2.53187   -2.59681   -2.55546   -2.55553   -2.5555   -2.51424   -2.59681
6.34792   -4.08939   -3.62165   -3.10692   -2.6587   -2.53219   -2.597   -2.55581   -2.55581   -2.55581   -2.51452   -2.59704
6.37135   -4.08599   -3.61979   -3.10465   -2.69293   -2.60288   -2.63809   -2.6259   -2.61241   -2.62174   -2.57631   -2.6464
6.41785   -4.07923   -3.6161   -3.10014   -2.76082   -2.74311   -2.71963   -2.76495   -2.72472   -2.75256   -2.7298   -2.74433
6.41796   -4.07921   -3.61609   -3.10013   -2.76105   -2.74343   -2.71982   -2.76527   -2.72498   -2.75286   -2.73016   -2.74455
6.44129   -4.07582   -3.61424   -3.09787   -2.81225   -2.81379   -2.8228   -2.83504   -2.78132   -2.81849   -2.80717   -2.79369
6.4644   -4.07246   -3.61241   -3.09563   -2.86297   -2.8835   -2.92483   -2.90417   -2.8525   -2.88353   -2.88347   -2.84237
6.46446   -4.07245   -3.6124   -3.09562   -2.86309   -2.88367   -2.92497   -2.90433   -2.85266   -2.88368   -2.88365   -2.84249
6.46451   -4.07244   -3.6124   -3.09562   -2.86321   -2.88383   -2.92511   -2.90446   -2.85283   -2.88383   -2.88383   -2.8426
6.46462   -4.07243   -3.61239   -3.09561   -2.86344   -2.88409   -2.92539   -2.90473   -2.85316   -2.88411   -2.88411   -2.84282
6.51127   -4.06564   -3.60869   -3.09108   -2.96583   -2.9996   -3.0484   -3.02184   -2.99683   -3.00712   -3.00712   -2.9796
6.53439   -4.06228   -3.60685   -3.08884   -3.04043   -3.05682   -3.10934   -3.07986   -3.06801   -3.06806   -3.06806   -3.04737
6.53444   -4.06227   -3.60685   -3.08884   -3.0406   -3.05695   -3.10946   -3.07999   -3.06817   -3.0682   -3.0682   -3.04752
6.5345   -4.06227   -3.60685   -3.08896   -3.04077   -3.05708   -3.10957   -3.08013   -3.06834   -3.06834   -3.06834   -3.04768
6.53455   -4.06226   -3.60684   -3.08909   -3.04094   -3.05721   -3.10969   -3.08026   -3.06848   -3.06848   -3.06848   -3.04784
6.5811   -4.05549   -3.60315   -3.19809   -3.19117   -3.17245   -3.21185   -3.19711   -3.1912   -3.1912   -3.1912   -3.21185
6.58116   -4.05548   -3.60315   -3.19822   -3.19134   -3.17259   -3.21196   -3.19724   -3.19134   -3.19134   -3.19134   -3.21194
6.6024   -4.05239   -3.60146   -3.24796   -3.22859   -3.22517   -3.25858   -3.25056   -3.24735   -3.23796   -3.23483   -3.24919
6.60358   -4.05232   -3.60137   -3.25072   -3.23066   -3.22809   -3.26116   -3.25351   -3.25045   -3.24054   -3.23724   -3.25125
6.60449   -4.05226   -3.60129   -3.25285   -3.23225   -3.23034   -3.26316   -3.2558   -3.25285   -3.24254   -3.23911   -3.25285
6.62781   -4.05081   -3.59944   -3.29376   -3.27316   -3.28809   -3.31435   -3.31435   -3.31435   -3.29373   -3.28687   -3.29376
6.67469   -4.04789   -3.59573   -3.37595   -3.35535   -3.40412   -3.4048   -3.41307   -3.39654   -3.39659   -3.38283   -3.37595
6.69802   -4.04643   -3.59388   -3.41686   -3.4117   -3.46188   -3.44982   -3.46221   -3.43745   -3.44778   -3.4306   -3.41686
6.72124   -4.04498   -3.59203   -3.46987   -3.46779   -3.51936   -3.49464   -3.51112   -3.47817   -3.49874   -3.47814   -3.45758
6.72129   -4.04498   -3.59203   -3.46999   -3.46792   -3.51946   -3.49474   -3.51123   -3.47827   -3.49886   -3.47825   -3.45767
6.72135   -4.04498   -3.59202   -3.47011   -3.46804   -3.51955   -3.49484   -3.51134   -3.47836   -3.49894   -3.47836   -3.45776
6.74468   -4.04352   -3.59017   -3.52336   -3.52439   -3.56046   -3.53986   -3.56048   -3.51927   -3.533   -3.5275   -3.49867
6.76806   -4.04207   -3.58832   -3.57674   -3.58087   -3.60146   -3.59324   -3.60972   -3.56027   -3.56715   -3.57674   -3.53968
6.76811   -4.04206   -3.58831   -3.57686   -3.58099   -3.60155   -3.59336   -3.60984   -3.56036   -3.56722   -3.57686   -3.53977
6.76817   -4.04206   -3.58831   -3.57699   -3.58112   -3.60165   -3.59348   -3.60995   -3.56047   -3.5673   -3.57697   -3.53986
6.81477   -4.03915   -3.58461   -3.68337   -3.69369   -3.68337   -3.69987   -3.70811   -3.65589   -3.63535   -3.67513   -3.67649
6.8381   -4.0377   -3.58276   -3.71841   -3.75003   -3.72428   -3.75312   -3.75724   -3.70365   -3.66942   -3.72426   -3.74487
6.83815   -4.0377   -3.58276   -3.71849   -3.75016   -3.72437   -3.75325   -3.75736   -3.70376   -3.6695   -3.72437   -3.74494
6.83821   -4.03769   -3.58275   -3.71857   -3.75029   -3.72447   -3.75337   -3.75747   -3.70387   -3.66957   -3.72446   -3.74501
6.86143   -4.03625   -3.58091   -3.75345   -3.80638   -3.76519   -3.80638   -3.80638   -3.7405   -3.70348   -3.76177   -3.77406
6.8617   -4.03623   -3.58089   -3.75386   -3.80676   -3.76566   -3.80673   -3.80671   -3.74093   -3.70387   -3.7622   -3.77439
6.86202   -4.03621   -3.58087   -3.75434   -3.80722   -3.76622   -3.80715   -3.80711   -3.74143   -3.70455   -3.76272   -3.77479
6.93131   -4.03189   -3.78399   -3.85842   -3.90585   -3.88773   -3.89818   -3.89379   -3.85074   -3.85049   -3.87406   -3.86147
6.93169   -4.03187   -3.78509   -3.85898   -3.90639   -3.88838   -3.89867   -3.89426   -3.85133   -3.85128   -3.87466   -3.86194
6.93195   -4.03185   -3.78588   -3.85938   -3.90677   -3.88873   -3.89902   -3.89459   -3.85175   -3.85184   -3.87509   -3.86227
6.95518   -4.0305   -3.81842   -3.89426   -3.93983   -3.91924   -3.92953   -3.92364   -3.88838   -3.90075   -3.9124   -3.89132
6.97851   -4.02915   -3.85112   -3.9293   -3.97304   -3.94989   -3.96017   -3.95282   -3.92518   -3.94989   -3.94989   -3.9205
6.97856   -4.02914   -3.8512   -3.92938   -3.97311   -3.94996   -3.96024   -3.95289   -3.92527   -3.94995   -3.94997   -3.92057
7.00189   -4.02778   -3.88389   -3.97029   -4.00632   -3.9806   -3.99089   -3.98207   -3.96207   -3.97914   -3.98677   -3.94975
7.002   -4.02778   -3.88404   -3.97048   -4.00647   -3.98074   -3.99104   -3.98221   -3.96224   -3.97927   -3.98694   -3.94989
7.02532   -4.02642   -3.91674   -4.01139   -4.03968   -4.01139   -4.02374   -4.01139   -3.99904   -4.00845   -4.02374   -3.98669
7.04865   -4.02506   -3.94944   -4.0523   -4.07289   -4.04204   -4.05643   -4.0446   -4.03584   -4.03763   -4.06054   -4.02349
7.04897   -4.02505   -3.94989   -4.05286   -4.0733   -4.04246   -4.05688   -4.04506   -4.03635   -4.03803   -4.06105   -4.02399
7.07214   -4.0237   -3.98145   -4.09349   -4.1026   -4.07289   -4.08935   -4.07804   -4.07289   -4.06702   -4.0976   -4.06054
7.09547   -4.02234   -4.01324   -4.1344   -4.13211   -4.10354   -4.12205   -4.11125   -4.10559   -4.0962   -4.1344   -4.09734
7.11886   -4.02098   -4.0451   -4.1754   -4.16169   -4.13426   -4.15482   -4.14453   -4.13836   -4.12545   -4.16511   -4.13423
7.11891   -4.02098   -4.04517   -4.17546   -4.16175   -4.13433   -4.1549   -4.14461   -4.13844   -4.12551   -4.16518   -4.13431
7.11896   -4.02097   -4.04524   -4.17552   -4.16182   -4.1344   -4.15498   -4.14469   -4.13851   -4.12558   -4.16525   -4.1344
7.1424   -4.01961   -4.07717   -4.20219   -4.19146   -4.16518   -4.1892   -4.17805   -4.17136   -4.1549   -4.19604   -4.16518
7.18917   -4.01689   -4.14089   -4.25541   -4.25061   -4.22662   -4.25748   -4.24462   -4.2369   -4.2369   -4.25747   -4.22662
7.21255   -4.01553   -4.17275   -4.28202   -4.28019   -4.25733   -4.29162   -4.2779   -4.26322   -4.2779   -4.28819   -4.25733
7.2126   -4.01553   -4.17282   -4.28208   -4.28026   -4.2574   -4.2917   -4.27796   -4.26328   -4.278   -4.28826   -4.2574
7.23593   -4.01417   -4.20461   -4.30863   -4.30976   -4.28549   -4.32577   -4.30209   -4.28953   -4.31891   -4.31891   -4.28805
7.25931   -4.01281   -4.23646   -4.33523   -4.33934   -4.31364   -4.35991   -4.32627   -4.31585   -4.34192   -4.34192   -4.31877
7.25937   -4.01281   -4.23654   -4.3353   -4.33941   -4.3137   -4.35996   -4.32633   -4.31591   -4.34198   -4.34198   -4.31884
7.25942   -4.0128   -4.23661   -4.33536   -4.33946   -4.31377   -4.36002   -4.32638   -4.31597   -4.34203   -4.34203   -4.31891
7.25964   -4.01279   -4.2369   -4.3356   -4.33967   -4.31402   -4.36024   -4.3266   -4.31621   -4.34224   -4.34224   -4.31909
7.28371   -4.01139   -4.264   -4.363   -4.36308   -4.34301   -4.38482   -4.35151   -4.34331   -4.36594   -4.36594   -4.34016
7.35306   -4.07965   -4.34204   -4.44191   -4.4305   -4.42649   -4.45562   -4.42323   -4.42135   -4.43421   -4.43421   -4.40082
7.35311   -4.07971   -4.3421   -4.44195   -4.43055   -4.42655   -4.45567   -4.42328   -4.42141   -4.43426   -4.43426   -4.40086
7.3766   -4.10283   -4.36854   -4.45933   -4.45338   -4.45483   -4.47965   -4.44758   -4.44196   -4.45738   -4.45738   -4.42141
7.39988   -4.12574   -4.39474   -4.47656   -4.47601   -4.48285   -4.50342   -4.47165   -4.46232   -4.48029   -4.48029   -4.4554
7.39993   -4.12579   -4.3948   -4.4766   -4.47606   -4.48292   -4.50344   -4.4717   -4.46237   -4.48035   -4.48035   -4.45548
7.42337   -4.14886   -4.42117   -4.49394   -4.49885   -4.50085   -4.51573   -4.49594   -4.48287   -4.50342   -4.50342   -4.4897
7.42358   -4.14907   -4.42141   -4.49409   -4.49906   -4.50101   -4.51585   -4.49616   -4.48306   -4.50358   -4.50358   -4.49001
7.44681   -4.17193   -4.43946   -4.51128   -4.52163   -4.51878   -4.52802   -4.52018   -4.50337   -4.52164   -4.52164   -4.52392
7.47024   -4.195   -4.45768   -4.52862   -4.54442   -4.53672   -4.54031   -4.54442   -4.52387   -4.53985   -4.53985   -4.54442
7.47115   -4.1959   -4.45839   -4.52929   -4.54502   -4.53741   -4.54079   -4.54499   -4.52467   -4.54056   -4.54056   -4.54521
7.51717   -4.22607   -4.49416   -4.56334   -4.57519   -4.57262   -4.56492   -4.57372   -4.56492   -4.57633   -4.57633   -4.58547
7.56399   -4.25677   -4.53056   -4.59798   -4.60589   -4.60845   -4.59904   -4.60296   -4.60588   -4.61273   -4.61273   -4.62642
7.56404   -4.25681   -4.5306   -4.59802   -4.60592   -4.60849   -4.59908   -4.60299   -4.60592   -4.61277   -4.61277   -4.62645
7.58748   -4.27217   -4.54882   -4.61536   -4.62129   -4.62642   -4.61615   -4.61762   -4.62026   -4.63099   -4.63099   -4.63874
7.63435   -4.30291   -4.58526   -4.65005   -4.65202   -4.65921   -4.65031   -4.64689   -4.64895   -4.66743   -4.66743   -4.66332
7.6344   -4.30294   -4.5853   -4.65008   -4.65206   -4.65925   -4.65035   -4.64692   -4.64898   -4.66746   -4.66745   -4.66335
7.63456   -4.30305   -4.58542   -4.6502   -4.65216   -4.65936   -4.65047   -4.64704   -4.64908   -4.66755   -4.66754   -4.66343
7.65784   -4.31831   -4.59763   -4.66743   -4.66743   -4.67564   -4.66743   -4.66332   -4.66332   -4.68111   -4.67974   -4.67564
7.68128   -4.33368   -4.60992   -4.68177   -4.68279   -4.69203   -4.68336   -4.67971   -4.67766   -4.69477   -4.69203   -4.68793
7.75164   -4.37981   -4.64681   -4.72482   -4.72893   -4.74125   -4.73121   -4.72893   -4.72072   -4.73577   -4.72893   -4.72306
7.75255   -4.38041   -4.64729   -4.72538   -4.72936   -4.74189   -4.73183   -4.72946   -4.72127   -4.7363   -4.72941   -4.72352
7.79857   -4.40186   -4.67142   -4.75354   -4.75101   -4.77408   -4.76312   -4.75627   -4.74943   -4.76312   -4.75354   -4.7465
7.82195   -4.41275   -4.68368   -4.76785   -4.76201   -4.79043   -4.77902   -4.7699   -4.75965   -4.77674   -4.7658   -4.75817
7.84544   -4.4237   -4.696   -4.78222   -4.77306   -4.79923   -4.795   -4.78359   -4.76991   -4.79043   -4.77812   -4.7699
7.84549   -4.42373   -4.69603   -4.78225   -4.77309   -4.79925   -4.79503   -4.78362   -4.76993   -4.79045   -4.77814   -4.76993
7.86888   -4.43462   -4.70829   -4.79656   -4.78409   -4.808   -4.81093   -4.79725   -4.78015   -4.79953   -4.7904   -4.78161
7.86893   -4.43465   -4.70832   -4.79659   -4.78412   -4.80802   -4.81096   -4.79728   -4.78017   -4.79955   -4.79043   -4.78164
7.86914   -4.43475   -4.70843   -4.79672   -4.78422   -4.8081   -4.81105   -4.7974   -4.78026   -4.79964   -4.79053   -4.78174
7.89237   -4.44557   -4.71688   -4.81093   -4.79514   -4.8168   -4.8212   -4.81093   -4.79041   -4.80865   -4.80067   -4.79334
7.96273   -4.47836   -4.74249   -4.83457   -4.82825   -4.84314   -4.85194   -4.85194   -4.82115   -4.83597   -4.83141   -4.82848
7.98622   -4.48931   -4.75104   -4.84247   -4.8393   -4.85194   -4.8622   -4.85963   -4.83141   -4.8451   -4.84167   -4.84021
8.00971   -4.50026   -4.75959   -4.85036   -4.85036   -4.85983   -4.87246   -4.86733   -4.84167   -4.85422   -4.85194   -4.85194
8.0332   -4.5112   -4.76814   -4.85825   -4.86141   -4.86772   -4.88272   -4.87502   -4.85194   -4.86334   -4.8622   -4.86425
8.05658   -4.5221   -4.77666   -4.86611   -4.87241   -4.87558   -4.89294   -4.88268   -4.86215   -4.87242   -4.87241   -4.87652
8.05663   -4.52213   -4.77667   -4.86612   -4.87244   -4.87559   -4.89295   -4.8827   -4.86218   -4.87244   -4.87244   -4.87654
8.10447   -4.54442   -4.79409   -4.8822   -4.88529   -4.89167   -4.89991   -4.89837   -4.88307   -4.88915   -4.88915   -4.90163
8.127   -4.54896   -4.80229   -4.88976   -4.89135   -4.89923   -4.90319   -4.90575   -4.89292   -4.89702   -4.89702   -4.91344
8.15049   -4.55369   -4.81084   -4.89766   -4.89766   -4.90713   -4.9066   -4.91344   -4.90318   -4.90523   -4.90523   -4.92113
8.15075   -4.55375   -4.81093   -4.89775   -4.89773   -4.90722   -4.90664   -4.91349   -4.90329   -4.90533   -4.90533   -4.92122
8.19747   -4.56316   -4.82453   -4.91344   -4.91028   -4.92291   -4.91344   -4.92256   -4.9237   -4.92165   -4.92165   -4.93652
8.2209   -4.56788   -4.83136   -4.91685   -4.91658   -4.93078   -4.91929   -4.9271   -4.93394   -4.92984   -4.92984   -4.9442
8.29132   -4.58207   -4.85186   -4.9271   -4.9355   -4.95444   -4.93686   -4.94077   -4.95444   -4.95444   -4.95444   -4.96727
8.31476   -4.58679   -4.85868   -4.93051   -4.9418   -4.95649   -4.94271   -4.94532   -4.96127   -4.95615   -4.95785   -4.97494
8.36179   -4.59627   -4.87238   -4.93735   -4.95444   -4.96059   -4.95444   -4.95444   -4.97496   -4.95957   -4.9647   -4.96674
8.40968   -4.60592   -4.88632   -4.94432   -4.96071   -4.96477   -4.96639   -4.96373   -4.9889   -4.96305   -4.97167   -4.95838
8.43215   -4.60837   -4.89286   -4.94759   -4.96366   -4.96674   -4.972   -4.9681   -4.99544   -4.96469   -4.97494   -4.95446
8.43226   -4.60839   -4.89289   -4.94761   -4.96367   -4.96675   -4.97203   -4.96812   -4.99545   -4.96469   -4.97495   -4.95444
8.43242   -4.6084   -4.89294   -4.94763   -4.96369   -4.96676   -4.97207   -4.96815   -4.99546   -4.96471   -4.97497   -4.95448
8.52611   -4.61863   -4.89724   -4.96126   -4.97596   -4.97494   -4.99544   -4.98633   -5.0013   -4.97152   -4.98861   -4.97493
8.52617   -4.61863   -4.89725   -4.96127   -4.97597   -4.97494   -4.99544   -4.98634   -5.00131   -4.97153   -4.98862   -4.97494
8.57309   -4.62376   -4.8994   -4.9681   -4.98211   -4.98314   -4.99544   -4.99544   -5.00423   -4.97494   -4.99544   -4.98125
8.57315   -4.62376   -4.8994   -4.96811   -4.98212   -4.98315   -4.99544   -4.99544   -5.00424   -4.97494   -4.99545   -4.98125
8.62013   -4.62889   -4.90156   -4.97494   -4.98827   -4.99135   -4.99544   -4.99544   -5.00716   -4.9824   -4.99918   -4.98756
8.76096   -4.64426   -4.90803   -4.98029   -5.00672   -5.01595   -4.99544   -4.99544   -5.01595   -5.00476   -5.01035   -5.00648
8.78541   -4.64692   -4.90916   -4.98122   -5.00992   -5.01595   -4.99544   -4.99544   -5.0143   -5.00864   -5.01229   -5.00976
8.83143   -4.64692   -4.91127   -4.98296   -5.01595   -5.01595   -4.99544   -4.99544   -5.01122   -5.01595   -5.01595   -5.01595
8.83148   -4.64692   -4.91127   -4.98296   -5.01595   -5.01595   -4.99544   -4.99544   -5.01121   -5.01595   -5.01595   -5.01595
8.87846   -4.64692   -4.91343   -4.98475   -5.01595   -5.01595   -4.99544   -4.99544   -5.00806   -5.01595   -5.01595   -5.01595
8.87867   -4.64692   -4.91344   -4.98476   -5.01595   -5.01595   -4.99544   -4.99544   -5.00804   -5.01595   -5.01595   -5.01595
8.94888   -4.64692   -4.91344   -4.98742   -5.01595   -5.01595   -4.99544   -4.99544   -5.00333   -5.01595   -5.01595   -5.01595
9.04284   -4.64692   -4.91344   -4.99098   -5.01595   -5.01238   -4.99544   -4.99544   -4.99702   -5.01595   -5.01595   -5.01595
9.06633   -4.64692   -4.91344   -4.99188   -5.01595   -5.01149   -4.99544   -4.99544   -4.99545   -5.01595   -5.01595   -5.01595
9.06638   -4.64692   -4.91344   -4.99188   -5.01595   -5.01149   -4.99544   -4.99544   -4.99544   -5.01595   -5.01595   -5.01594
9.08982   -4.64692   -4.91344   -4.99277   -5.01595   -5.0106   -4.99544   -4.99544   -4.99691   -5.01595   -5.01595   -5.01437
9.13685   -4.64692   -4.91344   -4.99455   -5.01595   -5.00881   -4.99544   -4.99544   -4.99984   -5.01184   -5.01595   -5.01121
9.16034   -4.64692   -4.91344   -4.99544   -5.01595   -5.00792   -4.99544   -4.99544   -5.0013   -5.00979   -5.01595   -5.00963
9.16055   -4.64692   -4.91344   -4.99544   -5.01595   -5.00791   -4.99546   -4.99544   -5.00132   -5.00977   -5.01595   -5.00962
9.23172   -4.64692   -4.91344   -4.99544   -5.01595   -5.00521   -5.00024   -4.99544   -5.00575   -5.00356   -5.01595   -5.00484
9.32472   -4.64692   -4.91344   -4.99544   -5.01595   -5.00169   -5.00648   -4.99544   -5.01155   -4.99545   -5.01595   -4.9986
9.32477   -4.64692   -4.91344   -4.99544   -5.01595   -5.00168   -5.00649   -4.99544   -5.01155   -4.99544   -5.01594   -4.9986
9.3717   -4.64692   -4.91344   -4.99544   -5.01595   -4.9999   -5.00964   -4.99544   -5.01448   -4.99229   -5.01279   -4.99545
9.37175   -4.64692   -4.91344   -4.99544   -5.01594   -4.9999   -5.00964   -4.99544   -5.01448   -4.99229   -5.01279   -4.99544
9.39519   -4.64692   -4.91344   -4.99544   -5.01487   -4.99901   -5.01121   -4.99544   -5.01595   -4.99072   -5.01122   -4.99544
9.46566   -4.64692   -4.91344   -4.99544   -5.01163   -4.99634   -5.01595   -4.99544   -5.01287   -4.98599   -5.00648   -4.99544
9.4892   -4.64692   -4.91344   -4.99544   -5.01055   -4.99544   -5.01301   -4.99544   -5.01184   -4.98441   -5.0049   -4.99544
9.55967   -4.64692   -4.91344   -4.99544   -5.00731   -4.99237   -5.00423   -4.99544   -5.00877   -4.97968   -5.00017   -4.99544
9.60665   -4.64692   -4.91344   -4.99544   -5.00515   -4.99032   -4.99837   -4.99544   -5.00672   -4.97652   -4.99702   -4.99032
9.60686   -4.64692   -4.91344   -4.99542   -5.00514   -4.99031   -4.99835   -4.99544   -5.00671   -4.97651   -4.99701   -4.9903
9.63014   -4.64692   -4.91188   -4.99265   -5.00408   -4.98929   -4.99544   -4.99544   -5.00569   -4.97495   -4.99544   -4.98776
9.63019   -4.64692   -4.91187   -4.99264   -5.00407   -4.98929   -4.99544   -4.99544   -5.00569   -4.97494   -4.99544   -4.98775
9.67712   -4.64692   -4.90872   -4.98706   -5.00192   -4.98724   -4.98959   -4.99544   -5.00364   -4.97904   -4.99544   -4.98263
9.74764   -4.64692   -4.90399   -4.97867   -4.99868   -4.98417   -4.9808   -4.98861   -5.00057   -4.9852   -4.99544   -4.97494
9.79462   -4.64692   -4.90084   -4.97308   -4.99652   -4.98212   -4.97494   -4.98405   -4.99852   -4.9893   -4.99544   -4.97084
9.81806   -4.64692   -4.89926   -4.97029   -4.99544   -4.9811   -4.97267   -4.98178   -4.99749   -4.99134   -4.99544   -4.9688
9.81897   -4.64692   -4.8992   -4.97018   -4.99533   -4.98106   -4.97258   -4.98169   -4.99745   -4.99142   -4.99544   -4.96872
9.86504   -4.6419   -4.89611   -4.9647   -4.98959   -4.97905   -4.96812   -4.97723   -4.99544   -4.99544   -4.99544   -4.9647
9.88858   -4.63933   -4.89453   -4.9619   -4.98665   -4.97802   -4.96583   -4.97494   -4.99088   -4.99088   -4.99088   -4.96265
9.91229   -4.63675   -4.89294   -4.95908   -4.9837   -4.97698   -4.96354   -4.97251   -4.98629   -4.98629   -4.98629   -4.96058
9.95905   -4.63165   -4.8884   -4.95352   -4.97787   -4.97494   -4.959   -4.96771   -4.97722   -4.97722   -4.97722   -4.9565
9.98259   -4.62908   -4.88612   -4.95072   -4.97494   -4.97152   -4.95672   -4.96529   -4.97266   -4.97266   -4.97266   -4.95444
10.0766   -4.61883   -4.87701   -4.93954   -4.96323   -4.95786   -4.94761   -4.95565   -4.95444   -4.95444   -4.95444   -4.94533
10.1236   -4.6137   -4.87245   -4.93394   -4.95736   -4.95102   -4.94305   -4.95082   -4.94532   -4.95034   -4.94988   -4.94077
10.1941   -4.60602   -4.86562   -4.92835   -4.94858   -4.94077   -4.93622   -4.94359   -4.93166   -4.94419   -4.94305   -4.93394
10.1949   -4.60592   -4.86554   -4.92828   -4.94847   -4.94065   -4.93614   -4.9435   -4.9315   -4.94411   -4.94297   -4.93385
10.2175   -4.60222   -4.86334   -4.92649   -4.94565   -4.93736   -4.93394   -4.94117   -4.92711   -4.94214   -4.94077   -4.93138
10.241   -4.59838   -4.86107   -4.92462   -4.94272   -4.93394   -4.93127   -4.93876   -4.92256   -4.94009   -4.9385   -4.92882
10.288   -4.59069   -4.85651   -4.9209   -4.93687   -4.92809   -4.92592   -4.93394   -4.91345   -4.93599   -4.93394   -4.92369
10.2881   -4.59068   -4.85651   -4.92089   -4.93686   -4.92808   -4.92591   -4.93394   -4.91344   -4.93599   -4.93394   -4.92369
10.3115   -4.58685   -4.85423   -4.91903   -4.93394   -4.92516   -4.92325   -4.93223   -4.91216   -4.93394   -4.93223   -4.92113
10.3352   -4.58297   -4.85194   -4.91715   -4.93084   -4.9222   -4.92055   -4.93051   -4.91087   -4.93206   -4.93051   -4.91855
10.382   -4.57532   -4.8474   -4.91344   -4.92471   -4.91637   -4.91522   -4.9271   -4.90832   -4.92835   -4.9271   -4.91344
10.57   -4.54458   -4.82918   -4.89853   -4.90012   -4.89295   -4.89384   -4.91344   -4.89807   -4.91344   -4.91344   -4.90083
10.5709   -4.54442   -4.82909   -4.89846   -4.89999   -4.89283   -4.89373   -4.91327   -4.89801   -4.9133   -4.91325   -4.90076
10.6405   -4.53768   -4.82234   -4.89294   -4.89089   -4.88416   -4.88581   -4.90114   -4.89422   -4.90319   -4.89977   -4.89609
10.664   -4.5354   -4.82006   -4.89089   -4.88781   -4.88123   -4.88314   -4.89704   -4.89294   -4.89977   -4.89522   -4.89452
10.6875   -4.53312   -4.81779   -4.88884   -4.88474   -4.8783   -4.88046   -4.89294   -4.88838   -4.89635   -4.89066   -4.89294
10.758   -4.52628   -4.81095   -4.88269   -4.87551   -4.86951   -4.87244   -4.88063   -4.87471   -4.8861   -4.87699   -4.88175
10.7581   -4.52627   -4.81093   -4.88267   -4.87549   -4.86949   -4.87243   -4.88061   -4.87468   -4.88608   -4.87696   -4.88173
10.7815   -4.52401   -4.80803   -4.88064   -4.87244   -4.86658   -4.87116   -4.87654   -4.87016   -4.88268   -4.87244   -4.87803
10.805   -4.52173   -4.8051   -4.87859   -4.87016   -4.86365   -4.86988   -4.87244   -4.86561   -4.87927   -4.87086   -4.8743
10.8519   -4.51717   -4.79924   -4.87449   -4.86561   -4.8578   -4.86731   -4.86073   -4.8565   -4.87244   -4.86771   -4.86685
10.8755   -4.51489   -4.79631   -4.87243   -4.86332   -4.85486   -4.86603   -4.85486   -4.85194   -4.87073   -4.86613   -4.86311
10.899   -4.51261   -4.79338   -4.87038   -4.86105   -4.85194   -4.86475   -4.84901   -4.85023   -4.86902   -4.86455   -4.85939
10.9459   -4.50806   -4.78753   -4.86628   -4.85649   -4.84878   -4.86219   -4.8373   -4.84681   -4.8656   -4.8614   -4.85194
10.9695   -4.50578   -4.78459   -4.86423   -4.85421   -4.8472   -4.8609   -4.83144   -4.8451   -4.86389   -4.85982   -4.84965
10.9929   -4.50351   -4.78167   -4.86218   -4.85194   -4.84563   -4.85962   -4.83329   -4.8434   -4.86218   -4.85824   -4.84738
10.9938   -4.50342   -4.78156   -4.86211   -4.85181   -4.84557   -4.85957   -4.83337   -4.84333   -4.86212   -4.85818   -4.84729
11.0869   -4.49665   -4.76996   -4.85399   -4.83932   -4.83932   -4.8545   -4.84075   -4.83656   -4.85535   -4.85194   -4.83827
11.0871   -4.49664   -4.76993   -4.85397   -4.8393   -4.83931   -4.85449   -4.84077   -4.83655   -4.85534   -4.8519   -4.83825
11.1104   -4.49494   -4.76739   -4.85194   -4.83617   -4.83775   -4.85322   -4.84262   -4.83486   -4.85364   -4.84784   -4.83599
11.1339   -4.49323   -4.76483   -4.8492   -4.83302   -4.83617   -4.85194   -4.84448   -4.83315   -4.85194   -4.84374   -4.83372
11.1574   -4.49152   -4.76226   -4.84646   -4.82986   -4.83459   -4.84783   -4.84635   -4.83144   -4.84737   -4.83963   -4.83144
11.2044   -4.48811   -4.75714   -4.841   -4.82355   -4.83144   -4.83963   -4.85008   -4.82688   -4.83827   -4.83144   -4.82802
11.2278   -4.4864   -4.75458   -4.83827   -4.82041   -4.82871   -4.83554   -4.85194   -4.82461   -4.83372   -4.82735   -4.82631
11.2758   -4.48292   -4.74935   -4.8327   -4.81397   -4.82313   -4.82718   -4.84433   -4.81996   -4.82443   -4.81898   -4.82283
11.2984   -4.47868   -4.74689   -4.83006   -4.81093   -4.8205   -4.82323   -4.84074   -4.81777   -4.82004   -4.81503   -4.82118
11.3219   -4.47429   -4.74432   -4.82733   -4.80965   -4.81777   -4.81913   -4.83702   -4.81549   -4.81549   -4.81093   -4.81947
11.3454   -4.4699   -4.74176   -4.8246   -4.80837   -4.81503   -4.81503   -4.83329   -4.81321   -4.81093   -4.81093   -4.81777
11.3689   -4.46551   -4.7392   -4.82186   -4.80709   -4.8123   -4.81093   -4.82956   -4.81093   -4.80866   -4.81093   -4.81606
11.4393   -4.45234   -4.73151   -4.81367   -4.80325   -4.8041   -4.81093   -4.81839   -4.80069   -4.80182   -4.81093   -4.81093
11.4628   -4.44795   -4.72895   -4.81093   -4.80197   -4.80137   -4.81093   -4.81466   -4.79727   -4.79955   -4.81093   -4.80752
11.463   -4.44791   -4.72893   -4.8109   -4.80195   -4.80134   -4.81093   -4.81463   -4.79724   -4.79953   -4.81093   -4.80749
11.4863   -4.44356   -4.72766   -4.80709   -4.80068   -4.79864   -4.81093   -4.81093   -4.79386   -4.79727   -4.81093   -4.8041
11.5333   -4.43478   -4.7251   -4.79941   -4.79812   -4.79317   -4.81093   -4.80638   -4.78703   -4.79272   -4.81093   -4.79727
11.5568   -4.43037   -4.72381   -4.79556   -4.79684   -4.79043   -4.81093   -4.8041   -4.7836   -4.79043   -4.80907   -4.79385
11.6048   -4.42141   -4.7212   -4.78771   -4.79422   -4.78823   -4.81093   -4.79945   -4.77663   -4.78283   -4.80526   -4.78688
11.6273   -4.42141   -4.71997   -4.78404   -4.793   -4.7872   -4.81093   -4.79727   -4.77336   -4.77926   -4.80348   -4.78361
11.6509   -4.42141   -4.71869   -4.78018   -4.79171   -4.78611   -4.80777   -4.79498   -4.76993   -4.77552   -4.80161   -4.78018
11.6743   -4.42141   -4.71741   -4.77634   -4.79043   -4.78504   -4.80462   -4.79271   -4.76993   -4.7718   -4.79975   -4.77677
11.6978   -4.42141   -4.71613   -4.7725   -4.79043   -4.78396   -4.80147   -4.79043   -4.76993   -4.76808   -4.79789   -4.77336
11.7213   -4.42141   -4.71484   -4.76865   -4.79043   -4.78288   -4.79831   -4.78838   -4.76993   -4.76434   -4.79602   -4.76993
11.7917   -4.42141   -4.711   -4.75713   -4.79043   -4.77964   -4.78886   -4.78223   -4.76993   -4.75317   -4.79043   -4.76993
11.7927   -4.42141   -4.71095   -4.75698   -4.79043   -4.7796   -4.78873   -4.78215   -4.76993   -4.75302   -4.79033   -4.76993
11.8153   -4.42141   -4.70972   -4.75327   -4.79043   -4.77856   -4.78569   -4.78018   -4.76993   -4.74943   -4.78786   -4.76993
11.8388   -4.42141   -4.70843   -4.74943   -4.79043   -4.77748   -4.78254   -4.77813   -4.76993   -4.75199   -4.7853   -4.76993
11.8389   -4.42141   -4.70843   -4.74941   -4.79043   -4.77748   -4.78252   -4.77812   -4.76993   -4.75201   -4.78529   -4.76993
11.8858   -4.42141   -4.70162   -4.74175   -4.79043   -4.77533   -4.77624   -4.77403   -4.76993   -4.75711   -4.78018   -4.76993
11.9327   -4.42141   -4.69479   -4.73407   -4.79043   -4.77317   -4.76993   -4.76993   -4.76993   -4.76224   -4.77506   -4.76993
11.9562   -4.42141   -4.69138   -4.73024   -4.79043   -4.77209   -4.76993   -4.76789   -4.76993   -4.7648   -4.7725   -4.76993
11.9797   -4.42141   -4.68796   -4.72639   -4.79043   -4.77101   -4.76993   -4.76583   -4.76993   -4.76737   -4.76993   -4.76993
11.9799   -4.42141   -4.68793   -4.72635   -4.79043   -4.771   -4.76993   -4.76581   -4.76993   -4.76739   -4.76991   -4.76993
11.9806   -4.42141   -4.68783   -4.72624   -4.79043   -4.77097   -4.76993   -4.76575   -4.76993   -4.76747   -4.76983   -4.76993
12.0032   -4.42141   -4.68454   -4.72254   -4.79043   -4.76993   -4.76993   -4.76378   -4.76993   -4.76993   -4.76737   -4.76993
12.0267   -4.42141   -4.68113   -4.7187   -4.79043   -4.76885   -4.76993   -4.76173   -4.76993   -4.7725   -4.76481   -4.76993
